Sweeping over wnaught from -1.1 to  -0.8, with step-size 0.1 (number of steps = 4)
Sweeping over wa from -0.1 to  0.1, with step-size 0.1 (number of steps = 3)
-1.1 0 
-1 0 
-0.9 0 
-0.8 0 
-0.8 -0.1 
-0.8 0 
-0.8 0.1 
-1.1 0.1 
-1 0.1 
-0.9 0.1 
-0.8 0.1 
-0.8 -0.1 
-0.8 0 
-0.8 0.1 
-1.1 0.1 
-1 0.1 
-0.9 0.1 
-0.8 0.1 
-0.8 -0.1 
-0.8 0 
-0.8 0.1 
-1.1 0.1 
-1 0.1 
-0.9 0.1 
-0.8 0.1 
-0.8 -0.1 
-0.8 0 
-0.8 0.1 
-1.1 -0.1 
-1 -0.1 
-0.9 -0.1 
-0.8 -0.1 
-0.8 -0.1 
-0.8 0 
-0.8 0.1 
-1.1 0 
-1 0 
-0.9 0 
-0.8 0 
-0.8 -0.1 
-0.8 0 
-0.8 0.1 
-1.1 0.1 
-1 0.1 
-0.9 0.1 
-0.8 0.1 
-0.8 -0.1 
-0.8 0 
-0.8 0.1 
Sweep complete in 333.6 milliseconds.
