0.000000000000000e+00, 9.999000099990002e-05, 1.000000000000000e+04, 1.074213254762922e+02, -1.003919783366685e+04, 5.000000000000000e+00, 2.000000000000000e-01, -4.296853024050687e+01, 2.600061785640322e-01, 7.399932436986234e-01, 0.000000000000000e+00, 5.777373446603990e-07, 2.466649922963322e-01, 6.668041733333333e+05, 6.667958400000000e+05, 9.999875025777183e-01, 0.000000000000000e+00
1.000000000000000e-07, 9.999107510649420e-05, 9.999892569011414e+03, 1.074203215664872e+02, -1.003899826639271e+04, 5.000000019999785e+00, 1.999957032132108e-01, -4.296720555214878e+01, 2.600082453810896e-01, 7.399911768955912e-01, 0.000000000000000e+00, 5.777233192349234e-07, 2.466643033479624e-01, 6.667611977947850e+05, 6.667528644613851e+05, 9.999875017721074e-01, 0.000000000000000e+00
3.096046509780792e-07, 9.999332648873912e-05, 9.999667395664812e+03, 1.074182173895969e+02, -1.003857998350551e+04, 5.000000061918871e+00, 1.999866973780685e-01, -4.296442911796311e+01, 2.600125774976731e-01, 7.399868448084040e-01, 0.000000000000000e+00, 5.776939227792915e-07, 2.466628592895030e-01, 6.666711293571594e+05, 6.666627960236196e+05, 9.999875000833652e-01, 0.000000000000000e+00
7.704007950853065e-07, 9.999827596437723e-05, 9.999172406534626e+03, 1.074135918624957e+02, -1.003766052019951e+04, 5.000000154067409e+00, 1.999669009409374e-01, -4.295832621735418e+01, 2.600221011154688e-01, 7.399773212552269e-01, 0.000000000000000e+00, 5.776293045166797e-07, 2.466596847071576e-01, 6.664731713269838e+05, 6.664648379931370e+05, 9.999874963701385e-01, 0.000000000000000e+00
1.780735971171349e-06, 1.000091282268612e-04, 9.998087260630797e+03, 1.074034514792325e+02, -1.003564496204188e+04, 5.000000356079079e+00, 1.999235053910159e-01, -4.294494907165325e+01, 2.600429818230703e-01, 7.399564406892722e-01, 0.000000000000000e+00, 5.774876574988752e-07, 2.466527243768561e-01, 6.660393668399845e+05, 6.660310335054643e+05, 9.999874882252685e-01, 0.000000000000000e+00
4.001868059347101e-06, 1.000329864997175e-04, 9.995702437778600e+03, 1.073811659052925e+02, -1.003121608064480e+04, 5.000000800029683e+00, 1.998281516301696e-01, -4.291555985552736e+01, 2.600888830957451e-01, 7.399105397278315e-01, 0.000000000000000e+00, 5.771764236089709e-07, 2.466374237451355e-01, 6.650868223885464e+05, 6.650784890525463e+05, 9.999874703035460e-01, 0.000000000000000e+00
8.465066176699985e-06, 1.000809301446946e-04, 9.990913529922478e+03, 1.073364144452444e+02, -1.002232547886094e+04, 5.000001691475068e+00, 1.996367426335784e-01, -4.285658434171371e+01, 2.601811053427585e-01, 7.398183181055362e-01, 0.000000000000000e+00, 5.765517054527438e-07, 2.466066825796393e-01, 6.631774682423262e+05, 6.631691349033546e+05, 9.999874342248182e-01, 0.000000000000000e+00
1.730141444184288e-05, 1.001758589538664e-04, 9.981444976693694e+03, 1.072479313344161e+02, -1.000475864625301e+04, 5.000003453863225e+00, 1.992585617196398e-01, -4.274013714038090e+01, 2.603636383397459e-01, 7.396357863426962e-01, 0.000000000000000e+00, 5.753175577750306e-07, 2.465458374245194e-01, 6.594157656486626e+05, 6.594074323038164e+05, 9.999873625331994e-01, 1.110223024625157e-16
3.484735436627995e-05, 1.003643895446446e-04, 9.962693343196945e+03, 1.070726935180592e+02, -9.970014263396171e+03, 5.000006943474810e+00, 1.985106659544943e-01, -4.251014344198791e+01, 2.607258857253936e-01, 7.392735413971113e-01, 0.000000000000000e+00, 5.728774950789690e-07, 2.464250866692103e-01, 6.520185067077471e+05, 6.520101733512689e+05, 9.999872191411862e-01, 0.000000000000000e+00
7.290140419062636e-05, 1.007734378371471e-04, 9.922249831131392e+03, 1.066947187190224e+02, -9.895281989535642e+03, 5.000014466949390e+00, 1.969023919710350e-01, -4.201689070368115e+01, 2.615106225136144e-01, 7.384888098532598e-01, 0.000000000000000e+00, 5.676331256326438e-07, 2.461635042434449e-01, 6.362992749489129e+05, 6.362909415673563e+05, 9.999869033615397e-01, 1.110223024625157e-16
1.528833566420827e-04, 1.016338830597600e-04, 9.838238351367600e+03, 1.059094715440504e+02, -9.740936655646450e+03, 5.000030082281873e+00, 1.935825042257297e-01, -4.100444149708940e+01, 2.631559136375495e-01, 7.368435295430638e-01, 0.000000000000000e+00, 5.568193867413873e-07, 2.456150666594005e-01, 6.046539751096106e+05, 6.046456416760028e+05, 9.999862178469822e-01, 1.110223024625157e-16
3.182808323762848e-04, 1.034162716903267e-04, 9.668658204217949e+03, 1.043240119621071e+02, -9.433056567269370e+03, 5.000061548715254e+00, 1.869671842503457e-01, -3.901033358598436e+01, 2.665408739866452e-01, 7.334585906923476e-01, 0.000000000000000e+00, 5.353210067614820e-07, 2.444867322102669e-01, 5.447598517989680e+05, 5.447515182604711e+05, 9.999847023629412e-01, 2.220446049250313e-16
6.076380373744423e-04, 1.065443683541197e-04, 9.384761213359652e+03, 1.016684780832656e+02, -8.928620425127307e+03, 5.000114061702694e+00, 1.761497953573440e-01, -3.581776327407950e+01, 2.724069042564525e-01, 7.275925954275808e-01, 0.000000000000000e+00, 5.003159667460985e-07, 2.425313654493414e-01, 4.555709361188893e+05, 4.555626024053460e+05, 9.999817071000747e-01, 0.000000000000000e+00
9.424120128794767e-04, 1.101791137679077e-04, 9.075130364476336e+03, 9.877025987632101e+01, -8.394149203340154e+03, 5.000171088146134e+00, 1.647193392233543e-01, -3.253874394419243e+01, 2.791062662767399e-01, 7.208932701798647e-01, 0.000000000000000e+00, 4.635433954134309e-07, 2.402982202596466e-01, 3.725154081622871e+05, 3.725070742586502e+05, 9.999776280297288e-01, 0.000000000000000e+00
1.295794027698197e-03, 1.140341310510969e-04, 8.768304337066558e+03, 9.589608596989328e+01, -7.880667594578498e+03, 5.000227330766486e+00, 1.537706413803416e-01, -2.949200535593161e+01, 2.860781139022137e-01, 7.139214575494541e-01, 0.000000000000000e+00, 4.285483323544782e-07, 2.379742477196987e-01, 3.030622600823060e+05, 3.030539259911862e+05, 9.999725003993649e-01, 0.000000000000000e+00
1.662008276579417e-03, 1.180488986121864e-04, 8.470065903674327e+03, 9.310005383394984e+01, -7.396963569742906e+03, 5.000281730169156e+00, 1.434892157254455e-01, -2.671770748694209e+01, 2.931969518852323e-01, 7.068026522063292e-01, 0.000000000000000e+00, 3.959084385446573e-07, 2.356012799638153e-01, 2.462468840757434e+05, 2.462385498032830e+05, 9.999661548104793e-01, 0.000000000000000e+00
2.040261810774022e-03, 1.222167713285608e-04, 8.181183092626914e+03, 9.038936784531661e+01, -6.942913342296372e+03, 5.000334156120622e+00, 1.338694649848692e-01, -2.420075270223583e+01, 3.004386141535250e-01, 6.995610202633363e-01, 0.000000000000000e+00, 3.655831389634062e-07, 2.331873723223472e-01, 1.999674196522012e+05, 1.999590852049769e+05, 9.999583209742926e-01, 0.000000000000000e+00
2.430537322067956e-03, 1.265396062379085e-04, 7.901664072779622e+03, 8.776412557384549e+01, -6.517144725827988e+03, 5.000384618817155e+00, 1.248792216732263e-01, -2.191983146505376e+01, 3.077944011932057e-01, 6.922052613593018e-01, 0.000000000000000e+00, 3.374474925526414e-07, 2.307354245499335e-01, 1.623257089506999e+05, 1.623173743352545e+05, 9.999486549881762e-01, 0.000000000000000e+00
2.833125466343349e-03, 1.310227601531171e-04, 7.631261744687492e+03, 8.522203298749014e+01, -6.117957905921914e+03, 5.000433175002953e+00, 1.164795414540388e-01, -1.985324673416989e+01, 3.152613495047855e-01, 6.847383391386593e-01, 0.000000000000000e+00, 3.113565553489477e-07, 2.282464243830743e-01, 1.317250299294082e+05, 1.317166951520956e+05, 9.999367259410226e-01, 0.000000000000000e+00
3.248521730524150e-03, 1.356740271637658e-04, 7.369607484017164e+03, 8.275965227406752e+01, -5.743570888514073e+03, 5.000479902908688e+00, 1.086299821069802e-01, -1.798035918346977e+01, 3.228399147969738e-01, 6.771597980404837e-01, 0.000000000000000e+00, 2.871625428089326e-07, 2.257202198203034e-01, 1.068492978126200e+05, 1.068409628795335e+05, 9.999219935623622e-01, 0.000000000000000e+00
3.677044016243306e-03, 1.404993914034705e-04, 7.116468552787615e+03, 8.037482178557336e+01, -5.392493404142025e+03, 5.000524856028036e+00, 1.012964566908054e-01, -1.628336940677783e+01, 3.305268660075376e-01, 6.694728692533535e-01, 0.000000000000000e+00, 2.647391092737945e-07, 2.231578877980910e-01, 8.663816856751981e+04, 8.662983348457456e+04, 9.999037943312622e-01, 0.000000000000000e+00
4.119067323434210e-03, 1.455056436121190e-04, 6.871585661802545e+03, 7.806512969771937e+01, -5.063278111948655e+03, 5.000568092362121e+00, 9.444597698319211e-02, -1.474587499111291e+01, 3.383196674610430e-01, 6.616800885740951e-01, 0.000000000000000e+00, 2.439648624215974e-07, 2.205602734606031e-01, 7.022338745018818e+04, 7.021505222310606e+04, 9.998813041155551e-01, -2.220446049250313e-16
4.575000345321291e-03, 1.507001395354146e-04, 6.634693922267404e+03, 7.582811028087264e+01, -4.754549512292019e+03, 5.000609670586209e+00, 8.804725706112555e-02, -1.335291435028525e+01, 3.462159998169944e-01, 6.537837754578149e-01, 0.000000000000000e+00, 2.247251912997609e-07, 2.179281498448737e-01, 5.689641674211074e+04, 5.688808137641822e+04, 9.998534992857230e-01, -2.220446049250313e-16
5.045332483067939e-03, 1.560913600745559e-04, 6.405504495331179e+03, 7.366106957056599e+01, -4.464978618362861e+03, 5.000649653177184e+00, 8.207018453740486e-02, -1.209075526759633e+01, 3.542145109409888e-01, 6.457852821483778e-01, 0.000000000000000e+00, 2.069106339390177e-07, 2.152619675893303e-01, 4.607879601262323e+04, 4.607046051363862e+04, 9.998191033684489e-01, -2.220446049250313e-16
5.530421151625727e-03, 1.616864882981403e-04, 6.183808703099910e+03, 7.156206975153731e+01, -4.193409496520689e+03, 5.000688088254277e+00, 7.648841859827617e-02, -1.094733922455984e+01, 3.623111839701239e-01, 6.376886256053637e-01, 0.000000000000000e+00, 1.904245130824856e-07, 2.125630655837489e-01, 3.730277858364795e+04, 3.729444295652929e+04, 9.997765413881978e-01, -2.220446049250313e-16
6.030832539848891e-03, 1.674953390393362e-04, 5.969315387493563e+03, 6.952839078195886e+01, -3.938650663060292e+03, 5.000725037909356e+00, 7.127507554115824e-02, -9.911282750772360e+00, 3.705050849262909e-01, 6.294947399037064e-01, 0.000000000000000e+00, 1.751700035166902e-07, 2.098317550895299e-01, 3.018412855746569e+04, 3.017579280716410e+04, 9.997238366419716e-01, -4.440892098500626e-16
6.546860017651503e-03, 1.735248019413198e-04, 5.761864955397939e+03, 6.755855824647188e+01, -3.699729783783710e+03, 5.000760541202632e+00, 6.640794230617604e-02, -8.972849827217461e+00, 3.787903894842975e-01, 6.212094494503241e-01, 0.000000000000000e+00, 1.610653792759581e-07, 2.070699774938267e-01, 2.441405004446480e+04, 2.440571417580131e+04, 9.996585626453497e-01, -4.440892098500626e-16
7.079031106365073e-03, 1.797847295202085e-04, 5.561207661733562e+03, 6.565024220697880e+01, -3.475623790163235e+03, 5.000794652439252e+00, 6.186393425856500e-02, -8.122764697541243e+00, 3.871647311456710e-01, 6.128351208266701e-01, 0.000000000000000e+00, 1.480276593232414e-07, 2.042785215740335e-01, 1.973830862502440e+04, 1.972997264263911e+04, 9.995776749394463e-01, -2.220446049250313e-16
7.627984349016023e-03, 1.862865770153309e-04, 5.367073298795449e+03, 6.380091445808702e+01, -3.265346243940824e+03, 5.000827428896184e+00, 5.762089659061214e-02, -7.352531962294004e+00, 3.956269655452271e-01, 6.043728984768295e-01, 0.000000000000000e+00, 1.359779441620291e-07, 2.014577687324862e-01, 1.594994362789138e+04, 1.594160753623351e+04, 9.994773591774149e-01, -4.440892098500626e-16
8.193832883302414e-03, 1.930358443773236e-04, 5.179385037948282e+03, 6.200988851745333e+01, -3.068168997879960e+03, 5.000858894939808e+00, 5.366204473940121e-02, -6.655155010163915e+00, 4.041675055416802e-01, 5.958323696045091e-01, 0.000000000000000e+00, 1.248538114274695e-07, 1.986109146411976e-01, 1.288391308853278e+04, 1.287557689197041e+04, 9.993529763430500e-01, -4.440892098500626e-16
8.777374152104158e-03, 2.000464489352087e-04, 4.997839046245111e+03, 6.027431325569819e+01, -2.883167397288998e+03, 5.000889112870279e+00, 4.996678909749031e-02, -6.023427997015561e+00, 4.127868621164113e-01, 5.872130233003360e-01, 0.000000000000000e+00, 1.145832533564216e-07, 1.957377889248716e-01, 1.040217121240838e+04, 1.039383491510197e+04, 9.991986002598703e-01, -2.220446049250313e-16
9.378991336799912e-03, 2.073276915277252e-04, 4.822282373094255e+03, 5.859277537683560e+01, -2.709621330704307e+03, 5.000918119315174e+00, 4.651880073567494e-02, -5.451331499573676e+00, 4.214788660828531e-01, 5.785210288097404e-01, 0.000000000000000e+00, 1.051074068951267e-07, 1.928404479396100e-01, 8.394732023836446e+03, 8.386395629824414e+03, 9.990069493596268e-01, -2.220446049250313e-16
9.999269092203675e-03, 2.148916225097490e-04, 4.652508537563548e+03, 5.696334894544773e+01, -2.546797154566419e+03, 5.000945959513974e+00, 4.330162183844399e-02, -4.933211020309940e+00, 4.302399570992835e-01, 5.697599465325799e-01, 0.000000000000000e+00, 9.636813676119279e-08, 1.899200784270234e-01, 6.771509941234814e+03, 6.763173454404820e+03, 9.987688880467813e-01, 0.000000000000000e+00
1.063861427439724e-02, 2.227484698226772e-04, 4.488368662312551e+03, 5.538465976888253e+01, -2.394055508646778e+03, 5.000972668942639e+00, 4.030080049582217e-02, -4.464092495882110e+00, 4.390637082806877e-01, 5.609362034054667e-01, 0.000000000000000e+00, 8.831384600251176e-08, 1.869788226474888e-01, 5.459819987333342e+03, 5.451483411454838e+03, 9.984731042602422e-01, -2.220446049250313e-16
1.129780208630953e-02, 2.309133594337638e-04, 4.329628606556843e+03, 5.385451227182133e+01, -2.250714434997542e+03, 5.000998296623722e+00, 3.750118662979540e-02, -4.039216497782484e+00, 4.479484115343675e-01, 5.520515075735164e-01, 0.000000000000000e+00, 8.089211655426865e-08, 1.840172499300225e-01, 4.399995920839200e+03, 4.391659259518256e+03, 9.981053024886999e-01, -2.220446049250313e-16
1.197717724755213e-02, 2.393964993112287e-04, 4.176170522029834e+03, 5.237182926585758e+01, -2.116233124761364e+03, 5.001022872400282e+00, 3.489052756124376e-02, -3.654561791478354e+00, 4.568861283283167e-01, 5.431137976124203e-01, 0.000000000000000e+00, 7.405926362123117e-08, 1.810380064225416e-01, 3.544371905052056e+03, 3.536035161795298e+03, 9.976478926365276e-01, -2.220446049250313e-16
1.267745728265060e-02, 2.482131324986541e-04, 4.027795696397822e+03, 5.093475286592395e+01, -1.990029870103652e+03, 5.001046438849954e+00, 3.245589677562406e-02, -3.306266470729966e+00, 4.658735913528460e-01, 5.341263408763892e-01, 0.000000000000000e+00, 6.777076536550550e-08, 1.780421811982482e-01, 2.853785230640791e+03, 2.845448408812947e+03, 9.970786793139396e-01, -2.220446049250313e-16
1.339919931360552e-02, 2.573769504696901e-04, 3.884351808602475e+03, 4.954187161504876e+01, -1.871594423143886e+03, 5.001069030767203e+00, 3.018587849310519e-02, -2.990930165071046e+00, 4.749050467800847e-01, 5.250948912329304e-01, 0.000000000000000e+00, 6.198698532748637e-08, 1.750316921729536e-01, 2.296709320185092e+03, 2.288372423034926e+03, 9.963700686556649e-01, -2.220446049250313e-16
1.414302318464602e-02, 2.669028964591869e-04, 3.745680958754278e+03, 4.819171901358204e+01, -1.760439768394269e+03, 5.001090683524656e+00, 2.806962067615425e-02, -2.705446901149594e+00, 4.839752266720083e-01, 5.160247166573709e-01, 0.000000000000000e+00, 5.667062120847524e-08, 1.720082953006883e-01, 1.847550149555327e+03, 1.839213180213715e+03, 9.954875545090784e-01, -2.220446049250313e-16
1.490981233481963e-02, 2.768098265136748e-04, 3.611588514629912e+03, 4.688246765197139e+01, -1.656077608808267e+03, 5.001111437809288e+00, 2.609637031880385e-02, -2.446924857813938e+00, 4.930816337697618e-01, 5.069183144447047e-01, 0.000000000000000e+00, 5.178553399109964e-08, 1.689728229764631e-01, 1.485478525373810e+03, 1.477141486836014e+03, 9.943876411571163e-01, -2.220446049250313e-16
1.569989663989597e-02, 2.871099849788754e-04, 3.481985797493517e+03, 4.561332257616269e+01, -1.558127424197066e+03, 5.001131317553158e+00, 2.425752650143596e-02, -2.212933174673601e+00, 5.022148399334040e-01, 4.977851127648272e-01, 0.000000000000000e+00, 4.730176934089672e-08, 1.659284178930632e-01, 1.193889712071091e+03, 1.185552607252621e+03, 9.930168551297696e-01, -2.220446049250313e-16
1.651403401334443e-02, 2.978216723456638e-04, 3.356714004235930e+03, 4.438280411245715e+01, -1.466176284215005e+03, 5.001150357284237e+00, 2.254397556297681e-02, -2.001130146246018e+00, 5.113702772810002e-01, 4.886296795301259e-01, 0.000000000000000e+00, 4.318887441949066e-08, 1.628766026568433e-01, 9.591549332420831e+02, 9.508177649433616e+02, 9.913077981358646e-01, -2.220446049250313e-16
1.735290418729749e-02, 3.089627710454121e-04, 3.235635911234165e+03, 4.318964192762218e+01, -1.379849855487726e+03, 5.001168587868459e+00, 2.094743203794966e-02, -1.809424655446014e+00, 5.205421436588616e-01, 4.794578169219400e-01, 0.000000000000000e+00, 3.941919897783593e-08, 1.598193112998592e-01, 7.702907783214520e+02, 7.619535492400246e+02, 9.891765170815168e-01, -2.220446049250313e-16
1.821724857570913e-02, 3.205526070081861e-04, 3.118612750410301e+03, 4.203254877934726e+01, -1.298793306585711e+03, 5.001186040069752e+00, 1.946007265674632e-02, -1.635913420280403e+00, 5.297250249842117e-01, 4.702749390488346e-01, 0.000000000000000e+00, 3.596695431058234e-08, 1.567583484983327e-01, 6.184099775394865e+02, 6.100726902703569e+02, 9.865181876555392e-01, -2.220446049250313e-16
1.910755006618782e-02, 3.326076592819444e-04, 3.005545315759915e+03, 4.091062823561675e+01, -1.222697758797520e+03, 5.001202738474134e+00, 1.807501145319654e-02, -1.478920701104809e+00, 5.389105819298785e-01, 4.610893852608670e-01, 0.000000000000000e+00, 3.280925505889163e-08, 1.536964940117907e-01, 4.963684569520041e+02, 4.880311140082304e+02, 9.832033183676298e-01, -2.220446049250313e-16
2.002488477747215e-02, 3.451531181456796e-04, 2.896264858485003e+03, 3.982229267496015e+01, -1.151225311079824e+03, 5.001218717629157e+00, 1.678492702605910e-02, -1.336829148917710e+00, 5.480963800281045e-01, 4.519035900489547e-01, 0.000000000000000e+00, 2.992294133560054e-08, 1.506345593129319e-01, 3.983209953688245e+02, 3.899835991483031e+02, 9.790686498641593e-01, -2.220446049250313e-16
2.096999594297675e-02, 3.582104638404550e-04, 2.790654909459582e+03, 3.876646985760448e+01, -1.084090988206328e+03, 5.001234003967086e+00, 1.558355392019803e-02, -1.208239388375445e+00, 5.572761750386241e-01, 4.427237976734039e-01, 0.000000000000000e+00, 2.728797235015522e-08, 1.475746258005761e-01, 3.196003458531535e+02, 3.112628986656746e+02, 9.739128968549062e-01, -2.220446049250313e-16
2.194319210294271e-02, 3.717958392877687e-04, 2.688648173351406e+03, 3.774258094731071e+01, -1.021055224284280e+03, 5.001248616611078e+00, 1.446551748871415e-02, -1.091932620858394e+00, 5.664395108233915e-01, 4.335604642897054e-01, 0.000000000000000e+00, 2.488690361873385e-08, 1.445201788410773e-01, 2.564631696960216e+02, 2.481256737876368e+02, 9.674904746819322e-01, -2.220446049250313e-16
2.294562930482108e-02, 3.859379399872741e-04, 2.590090163441754e+03, 3.674917301238231e+01, -9.618382213734590e+02, 5.001262586951551e+00, 1.342480710192418e-02, -9.867018626214686e-01, 5.755839027773827e-01, 4.244160745210510e-01, 0.000000000000000e+00, 2.270156670544302e-08, 1.414720466223616e-01, 2.058334826016064e+02, 1.974959401137260e+02, 9.594937500813807e-01, 0.000000000000000e+00
2.397788379483351e-02, 4.006582185206818e-04, 2.494892892680999e+03, 3.578545909848580e+01, -9.062151735094359e+02, 5.001275936533291e+00, 1.245646651112672e-02, -8.915215485310295e-01, 5.847012369514303e-01, 4.152987423318624e-01, 0.000000000000000e+00, 2.071670774450534e-08, 1.384329337821865e-01, 1.652668747606361e+02, 1.569292877628538e+02, 9.495507674489635e-01, -2.220446049250313e-16
2.504094660858352e-02, 4.159848926171130e-04, 2.402933454670997e+03, 3.485029855865305e+01, -8.539533122386698e+02, 5.001288691529260e+00, 1.155547565153407e-02, -8.054244183265706e-01, 5.937870067578160e-01, 4.062129743246026e-01, 0.000000000000000e+00, 1.891758168084055e-08, 1.354043425045360e-01, 1.327772001930099e+02, 1.244395706676704e+02, 9.372058643108937e-01, -2.220446049250313e-16
2.613540442681351e-02, 4.319413018249635e-04, 2.314129383957897e+03, 3.394296008624872e+01, -8.048551494115328e+02, 5.001300872175794e+00, 1.071749870715543e-02, -7.275681947919470e-01, 6.028331065138299e-01, 3.971668761947038e-01, 0.000000000000000e+00, 1.729146662675891e-08, 1.323889746728449e-01, 1.067780024301367e+02, 9.844033229212795e+01, 9.219158445723501e-01, -2.220446049250313e-16
2.726238714042203e-02, 4.485596650271018e-04, 2.228357826766658e+03, 3.306229900449394e+01, -7.587119562308682e+02, 5.001312503964705e+00, 9.938078479318557e-03, -6.571524507196621e-01, 6.118358740552673e-01, 3.881641101186870e-01, 0.000000000000000e+00, 1.582604619621468e-08, 1.293880509975837e-01, 8.598012851471456e+01, 7.764241959394332e+01, 9.030274894350229e-01, -2.220446049250313e-16
2.842280540894319e-02, 4.658701408790380e-04, 2.145520912701395e+03, 3.220742259050099e+01, -7.153399453556639e+02, 5.001323608599377e+00, 9.213254169836422e-03, -5.934714264254443e-01, 6.207896039622146e-01, 3.792103815271610e-01, 0.000000000000000e+00, 1.451062484990224e-08, 1.264034732751965e-01, 6.935348761093898e+01, 6.101574166496115e+01, 8.797789955027044e-01, -2.220446049250313e-16
2.961728029694363e-02, 4.838996190308407e-04, 2.065544301073869e+03, 3.137768067853700e+01, -6.745772098046169e+02, 5.001334204363069e+00, 8.539494791702565e-03, -5.359002525667679e-01, 6.296863753944735e-01, 3.703136112695932e-01, 0.000000000000000e+00, 1.333593336806235e-08, 1.234378817761463e-01, 5.607309584348206e+01, 4.773531456890473e+01, 8.513051375324319e-01, 0.000000000000000e+00
3.084671998210060e-02, 5.026803622530600e-04, 1.988335719258869e+03, 3.057223800171426e+01, -6.362613868745459e+02, 5.001344311682715e+00, 7.913321682646617e-03, -4.838571715094205e-01, 6.385205390508109e-01, 3.614794486557497e-01, 0.000000000000000e+00, 1.229343968258272e-08, 1.204931595912124e-01, 4.547199826545060e+01, 3.713418329078359e+01, 8.166384743860697e-01, 0.000000000000000e+00
3.211205891158764e-02, 5.222462526824111e-04, 1.913805505762281e+03, 2.979028461813028e+01, -6.002402384492368e+02, 5.001353950331522e+00, 7.331484142104661e-03, -4.368153626082333e-01, 6.472866012434000e-01, 3.527133873809119e-01, 0.000000000000000e+00, 1.137568820548897e-08, 1.175711379402095e-01, 3.701487782029294e+01, 2.867703070812737e+01, 7.747433571807050e-01, 0.000000000000000e+00
3.341454128821897e-02, 5.426373315451441e-04, 1.841851462416950e+03, 2.903087558624705e+01, -5.663640231723846e+02, 5.001363141356828e+00, 6.790833991524898e-03, -3.942891861473856e-01, 6.559810855449395e-01, 3.440189038789360e-01, 0.000000000000000e+00, 1.057612459513335e-08, 1.146729756226753e-01, 3.027105038029203e+01, 2.193317262305115e+01, 7.245593511789977e-01, 0.000000000000000e+00
3.475524922858304e-02, 5.638926336217455e-04, 1.772387237881160e+03, 2.829322835047064e+01, -5.344986887494017e+02, 5.001371903407390e+00, 6.288534843605970e-03, -3.558474949508119e-01, 6.645992151165039e-01, 3.354007749940512e-01, 0.000000000000000e+00, 9.889444972748751e-09, 1.118002649088369e-01, 2.489683179711021e+01, 1.655892482504592e+01, 6.651016868326164e-01, 0.000000000000000e+00
3.613481426394571e-02, 5.860454274278208e-04, 1.705352363141957e+03, 2.757683456688918e+01, -5.045289530440957e+02, 5.001380251603715e+00, 5.822099009999761e-03, -3.211118401818868e-01, 6.731334080039166e-01, 3.268665826844847e-01, 0.000000000000000e+00, 9.311598868685417e-09, 1.089555331075107e-01, 2.061818931535395e+01, 1.228025450831007e+01, 5.956029562288098e-01, 0.000000000000000e+00
3.755459002314748e-02, 6.091420001262357e-04, 1.640653341573500e+03, 2.688083264564840e+01, -4.763311642336445e+02, 5.001388204926582e+00, 5.388958801715893e-03, -2.897212551514183e-01, 6.815806865150686e-01, 3.184193046456742e-01, 0.000000000000000e+00, 8.839257113759952e-09, 1.061397727728282e-01, 1.721329892911906e+01, 8.875337603659482e+00, 5.156093343993128e-01, 0.000000000000000e+00
3.901501777082600e-02, 6.332153643384237e-04, 1.578241528740840e+03, 2.620484160420312e+01, -4.498074949920537e+02, 5.001395776553561e+00, 4.986993808230884e-03, -2.613687710198052e-01, 6.899327056704972e-01, 3.100672858590245e-01, 0.000000000000000e+00, 8.470478613753768e-09, 1.033557655549214e-01, 1.450668363945143e+01, 6.168697068208830e+00, 4.252313775860421e-01, 0.000000000000000e+00
4.051752638559970e-02, 6.583162679525297e-04, 1.518026718130728e+03, 2.554803129507060e+01, -4.248478952688470e+02, 5.001402984482235e+00, 4.613943356371183e-03, -2.357565060340772e-01, 6.981870487997972e-01, 3.018129429960850e-01, 0.000000000000000e+00, 8.204118391892235e-09, 1.006043169998833e-01, 1.235599213987481e+01, 4.017981535478875e+00, 3.251848568689349e-01, -2.220446049250313e-16
4.206300178043328e-02, 6.844882682645434e-04, 1.459945419174835e+03, 2.490985852636373e+01, -4.013592380564165e+02, 5.001409843175757e+00, 4.267849279867529e-03, -2.126253868281796e-01, 7.063382479024014e-01, 2.936617440572551e-01, 0.000000000000000e+00, 8.040343233111064e-09, 9.788724976359628e-02, 1.064841804535781e+01, 2.310384572219359e+00, 2.169697472787119e-01, 1.110223024625157e-16
4.365267961993777e-02, 7.117826103600286e-04, 1.403923336767370e+03, 2.428966000447996e+01, -3.792490809899963e+02, 5.001416368106970e+00, 3.946807404612343e-03, -1.917357538123985e-01, 7.143828329265556e-01, 2.856171590929582e-01, 0.000000000000000e+00, 7.980486491755953e-09, 9.520572051807949e-02, 9.293461227719137e+00, 9.554059986630327e-01, 1.028041087440481e-01, 0.000000000000000e+00
4.528818914032603e-02, 7.402594819730635e-04, 1.349877664322019e+03, 2.368667266029303e+01, -3.584268097176209e+02, 5.001422575398954e+00, 3.648986271853754e-03, -1.728674274266578e-01, 7.223192001368227e-01, 2.776807918359391e-01, 0.000000000000000e+00, 8.027238326698721e-09, 9.256026382877784e-02, 8.218760329092833e+00, -1.193155968106030e-01, -1.451746881926325e-02, 0.000000000000000e+00
4.696981767856581e-02, 7.699577249941418e-04, 1.297772604700613e+03, 2.310065571129735e+01, -3.388244005397849e+02, 5.001428475504446e+00, 3.372918379598801e-03, -1.558362174801791e-01, 7.301393571248204e-01, 2.698606346905399e-01, 0.000000000000000e+00, 8.184639492091815e-09, 8.995354381847863e-02, 7.367402694946720e+00, -9.706929035821901e-01, -1.317551033620010e-01, 1.110223024625157e-16
4.869927443215863e-02, 8.009430830690580e-04, 1.247528167779656e+03, 2.253087293774064e+01, -3.203610064399551e+02, 5.001434083682200e+00, 3.116991136892661e-03, -1.404602709758749e-01, 7.378423226943963e-01, 2.621576688473236e-01, 0.000000000000000e+00, 8.458280300055628e-09, 8.738588753709998e-02, 6.693215368956738e+00, -1.644898928849266e+00, -2.457561632452974e-01, 0.000000000000000e+00
5.047749741418283e-02, 8.332699562415413e-04, 1.199091269953489e+03, 2.197688774333214e+01, -3.029698999827452e+02, 5.001439411867566e+00, 2.879828127080091e-03, -1.265827916313986e-01, 7.454236226662000e-01, 2.545763684784696e-01, 0.000000000000000e+00, 8.855330576699796e-09, 8.485878636122741e-02, 6.159787228902691e+00, -2.178344834624703e+00, -3.536396232005493e-01, 0.000000000000000e+00
5.230596752327102e-02, 8.670048924928575e-04, 1.152396028856017e+03, 2.143811525505648e+01, -2.865833762722505e+02, 5.001444473152816e+00, 2.660075000175866e-03, -1.140577484549541e-01, 7.528812884606219e-01, 2.471187021545138e-01, 0.000000000000000e+00, 9.384864362293565e-09, 8.237289646538558e-02, 5.737967799075828e+00, -2.600181140267789e+00, -4.531536654295238e-01, 0.000000000000000e+00
5.418579214639325e-02, 9.022101308522298e-04, 1.107389238608303e+03, 2.091411287595055e+01, -2.711417258153784e+02, 5.001449278976581e+00, 2.456520133550641e-03, -1.027559498055362e-01, 7.602118937876917e-01, 2.397880961544435e-01, 0.000000000000000e+00, 1.005786491531236e-08, 7.992935992570703e-02, 5.404671405817776e+00, -2.933493557574009e+00, -5.427700108495578e-01, 0.000000000000000e+00
5.611819789834497e-02, 9.389526135266753e-04, 1.064016472177475e+03, 2.040442202532906e+01, -2.565879608672249e+02, 5.001453840668971e+00, 2.268019938042931e-03, -9.255968139718196e-02, 7.674127044780921e-01, 2.325872846343701e-01, 0.000000000000000e+00, 1.088753801542145e-08, 7.752908810894135e-02, 5.141512892459322e+00, -3.196667280988146e+00, -6.217367043222749e-01, 0.000000000000000e+00
5.810446436873654e-02, 9.773029606561635e-04, 1.022224158994257e+03, 1.990859145534980e+01, -2.428683826533635e+02, 5.001458169221372e+00, 2.093504843632054e-03, -8.336224228144574e-02, 7.744813626775697e-01, 2.255186254328654e-01, 0.000000000000000e+00, 1.188956524566746e-08, 7.517286694064074e-02, 4.933880365016315e+00, -3.404314241140752e+00, -6.899871884367214e-01, -2.220446049250313e-16
6.014520480199825e-02, 1.017321433450429e-03, 9.819734901075655e+02, 1.942634432195002e+01, -2.299368221913789e+02, 5.001462273880059e+00, 1.932029776100612e-03, -7.506972756944573e-02, 7.814134747494484e-01, 2.185865121685907e-01, 0.000000000000000e+00, 1.308196135159687e-08, 7.286216093794214e-02, 4.770222504088629e+00, -3.567985788259868e+00, -7.479705160926339e-01, -2.220446049250313e-16
6.224293596174556e-02, 1.059108587001603e-03, 9.431902485476554e+02, 1.895697607498320e+01, -2.177383958018551e+02, 5.001466167253871e+00, 1.782569932847751e-03, -6.758988133756967e-02, 7.882112724692906e-01, 2.117887130437628e-01, 0.000000000000000e+00, 1.448694703100107e-08, 7.059622614167121e-02, 4.641239906238659e+00, -3.696981367823049e+00, -7.965503707002182e-01, -2.220446049250313e-16
6.439815283920584e-02, 1.102728317556471e-03, 9.058416799306415e+02, 1.850027642618872e+01, -2.062339661670579e+02, 5.001469857494161e+00, 1.644323648758751e-03, -6.084696590838501e-02, 7.948703408860121e-01, 2.051296429849746e-01, 0.000000000000000e+00, 1.612901400901588e-08, 6.837653416592339e-02, 4.539700478896022e+00, -3.798533099578199e+00, -8.367365021627898e-01, -2.220446049250313e-16
6.661257462770361e-02, 1.148272021223855e-03, 8.698737838392827e+02, 1.805577564212827e+01, -1.953799558520403e+02, 5.001473354665015e+00, 1.516459893964462e-03, -5.476831381724984e-02, 8.013904680313143e-01, 1.986095139313135e-01, 0.000000000000000e+00, 1.803737310483721e-08, 6.620315562436606e-02, 4.459806561938692e+00, -3.878438677202679e+00, -8.696428025157912e-01, -4.440892098500626e-16
6.888782710593763e-02, 1.195832956941696e-03, 8.352371970057318e+02, 1.762305493452297e+01, -1.851364740763463e+02, 5.001476668115706e+00, 1.398217685724389e-03, -4.928888636584920e-02, 8.077711655096795e-01, 1.922288142445941e-01, 0.000000000000000e+00, 2.024572724495836e-08, 6.407625326742947e-02, 4.396982478412167e+00, -3.941273808823095e+00, -8.963587706281611e-01, -4.440892098500626e-16
7.122551023579721e-02, 1.245507685857391e-03, 8.018854509328964e+02, 1.720172636432319e+01, -1.754665596149271e+02, 5.001479806675791e+00, 1.288894475922461e-03, -4.435017891719789e-02, 8.140119361200648e-01, 1.859880410870293e-01, 0.000000000000000e+00, 2.279290682287465e-08, 6.199599277418152e-02, 4.347613825420447e+00, -3.990652926774787e+00, -9.178949849320761e-01, -4.440892098500626e-16
7.362688042630186e-02, 1.297389253236940e-03, 7.697786984554061e+02, 1.679148174797169e+01, -1.663370407241767e+02, 5.001482778332043e+00, 1.187853199970684e-03, -3.990004924336756e-02, 8.201115250448368e-01, 1.798884492320257e-01, 0.000000000000000e+00, 2.572313858951780e-08, 5.996279235565258e-02, 4.308850327591212e+00, -4.029426333059458e+00, -9.351511486155611e-01, -4.440892098500626e-16
7.609338736797398e-02, 1.351578598223231e-03, 7.388755805356700e+02, 1.639199087881969e+01, -1.577160128585228e+02, 5.001485591010092e+00, 1.094491770977124e-03, -3.589093479096153e-02, 8.260694115269895e-01, 1.739305593856575e-01, 0.000000000000000e+00, 2.908735397350637e-08, 5.797682552727214e-02, 4.278435715322707e+00, -4.059850323704483e+00, -9.489099740740788e-01, -4.440892098500626e-16
7.862677967568071e-02, 1.408187422886499e-03, 7.091327449368939e+02, 1.600289321496644e+01, -1.495726631437393e+02, 5.001488252602272e+00, 1.008240657156426e-03, -3.227945305320636e-02, 8.318859301689585e-01, 1.681140368866680e-01, 0.000000000000000e+00, 3.294437423627578e-08, 5.603798067433496e-02, 4.254586473219810e+00, -4.083708440419699e+00, -9.598367470315410e-01, -4.440892098500626e-16
8.122782712422671e-02, 1.467309625567760e-03, 6.805194166078347e+02, 1.562398946808009e+01, -1.418811165988729e+02, 5.001490769679148e+00, 9.286017830329988e-04, -2.902769715360580e-02, 8.375593923285193e-01, 1.624405703115794e-01, 0.000000000000000e+00, 3.735990220902338e-08, 5.414682058810518e-02, 4.235903647144001e+00, -4.102399659251236e+00, -9.684827609374972e-01, -4.440892098500626e-16
8.389862186014017e-02, 1.529073195471701e-03, 6.529909292514355e+02, 1.525489393845054e+01, -1.346131303120050e+02, 5.001493149850392e+00, 8.550703898288314e-04, -2.609971002876348e-02, 8.430912742180362e-01, 1.569086833706464e-01, 0.000000000000000e+00, 4.241131813693527e-08, 5.230285309284705e-02, 4.221274604516785e+00, -4.117036638150013e+00, -9.753065184967503e-01, -2.220446049250313e-16
8.664039345971580e-02, 1.593591145429308e-03, 6.265135268341387e+02, 1.489536090585297e+01, -1.277447264183404e+02, 5.001495399569509e+00, 7.872032676421710e-04, -2.346405501690394e-02, 8.484813210885980e-01, 1.515186307259219e-01, 0.000000000000000e+00, 4.818548074803386e-08, 5.050616298749486e-02, 4.209828860452539e+00, -4.128489883519116e+00, -9.806787925044820e-01, -2.220446049250313e-16
8.945551843622816e-02, 1.661008461219357e-03, 6.010438928203255e+02, 1.454500964855104e+01, -1.212506988358760e+02, 5.001497525907148e+00, 7.245619969299702e-04, -2.109132134977864e-02, 8.537316509519576e-01, 1.462682942638009e-01, 0.000000000000000e+00, 5.478424213551159e-08, 4.875604413087490e-02, 4.200877292404497e+00, -4.137448541480610e+00, -9.849010702982037e-01, -2.220446049250313e-16
9.234540981219631e-02, 1.731452817541734e-03, 5.765496680410678e+02, 1.420360270244516e+01, -1.151098545991154e+02, 5.001499534811465e+00, 6.667636368200986e-04, -1.895588572745579e-02, 8.588425673736695e-01, 1.411573703044600e-01, 0.000000000000000e+00, 6.232187122149970e-08, 4.705239518083913e-02, 4.193881870805631e+00, -4.144450661434137e+00, -9.882134950639421e-01, -2.220446049250313e-16
9.531255646540922e-02, 1.805083760421548e-03, 5.529909127355210e+02, 1.387079126289159e+01, -1.093001862420604e+02, 5.001501432667088e+00, 6.134327637971245e-04, -1.703389216996705e-02, 8.638163564760322e-01, 1.361835725919671e-01, 0.000000000000000e+00, 7.093200153050000e-08, 4.539445391726466e-02, 4.188417534662856e+00, -4.149921325660789e+00, -9.908088893517714e-01, -4.440892098500626e-16
9.835779426724139e-02, 1.882025752682450e-03, 5.303423573374066e+02, 1.354642774977698e+01, -1.038043216977883e+02, 5.001503224494896e+00, 5.642509650191651e-04, -1.530488528986955e-02, 8.686525979799272e-01, 1.313473212576842e-01, 0.000000000000000e+00, 8.076238931491090e-08, 4.378236023516615e-02, 4.184153467216093e+00, -4.154191367661523e+00, -9.928391489964862e-01, -2.220446049250313e-16
1.014835914952886e-01, 1.962449892080213e-03, 5.085671507515495e+02, 1.323019545915342e+01, -9.860296720681174e+01, 5.001504916076902e+00, 5.188954559706131e-04, -1.374943845435734e-02, 8.733536857273032e-01, 1.266462222856067e-01, 0.000000000000000e+00, 9.198709088437043e-08, 4.221531595419498e-02, 4.180827528847003e+00, -4.157522946333470e+00, -9.944258445600216e-01, -2.220446049250313e-16
1.046908344366658e-01, 2.046492931848884e-03, 4.876408276507262e+02, 1.292195144964523e+01, -9.368067023516964e+01, 5.001506512061884e+00, 4.770898815663984e-04, -1.235081154950989e-02, 8.779197026242691e-01, 1.220801925767081e-01, 0.000000000000000e+00, 1.047990235707407e-07, 4.069329318092968e-02, 4.178235822175249e+00, -4.160119974557230e+00, -9.956642352444849e-01, -4.440892098500626e-16
1.079820474219938e-01, 2.134340420274026e-03, 4.675288206609566e+02, 1.262140015239224e+01, -8.902038075507456e+01, 5.001508017719672e+00, 4.385558988786916e-04, -1.109316289266568e-02, 8.823532581035286e-01, 1.176466224714370e-01, 0.000000000000000e+00, 1.194250353213240e-07, 3.921542180122850e-02, 4.176217144997281e+00, -4.162143672107440e+00, -9.966300907253590e-01, -4.440892098500626e-16
1.113587893030257e-01, 2.226159503318826e-03, 4.482041107158628e+02, 1.232835115300863e+01, -8.460758424842801e+01, 5.001509437585357e+00, 4.030479918308744e-04, -9.962620760732885e-03, 8.866556472183253e-01, 1.133442166615881e-01, 0.000000000000000e+00, 1.361200873956617e-07, 3.778126979004773e-02, 4.174646008629276e+00, -4.163719542789187e+00, -9.973826605136094e-01, -4.440892098500626e-16
1.148227037071807e-01, 2.322126108191618e-03, 4.296398332426318e+02, 1.204261193269785e+01, -8.042848223528053e+01, 5.001510776039200e+00, 3.703368158421393e-04, -8.946614609979274e-03, 8.908284327628325e-01, 1.091714120618173e-01, 0.000000000000000e+00, 1.551753512094595e-07, 3.639031582715380e-02, 4.173424080410189e+00, -4.164945933868556e+00, -9.979685394107373e-01, -4.440892098500626e-16
1.183756930964078e-01, 2.422430331273494e-03, 4.118085695964228e+02, 1.176397604325917e+01, -7.646979799521586e+01, 5.001512037356740e+00, 3.402071272407580e-04, -8.033726705652279e-03, 8.948736004917159e-01, 1.051262225837734e-01, 0.000000000000000e+00, 1.769245115452532e-07, 3.504189754885677e-02, 4.172474361784928e+00, -4.165899858156528e+00, -9.984243153921769e-01, -4.440892098500626e-16
1.220203958701305e-01, 2.527291219426592e-03, 3.946805580272172e+02, 1.149219292062607e+01, -7.271836117818009e+01, 5.001513225827589e+00, 3.124543220767744e-04, -7.213516366195785e-03, 8.987939705952842e-01, 1.012058276509563e-01, 0.000000000000000e+00, 2.017537603875236e-07, 3.373507437629468e-02, 4.171736574067771e+00, -4.166641608641659e+00, -9.987786943552996e-01, -4.440892098500626e-16
1.257592527237918e-01, 2.636931449817433e-03, 3.782286674988212e+02, 1.122704472543622e+01, -6.916217517567277e+01, 5.001514345404513e+00, 2.868919658850777e-04, -6.476675431936008e-03, 9.025920610502136e-01, 9.740770884586726e-02, 0.000000000000000e+00, 2.301039198486406e-07, 3.246900639569888e-02, 4.171163779610015e+00, -4.167218136152364e+00, -9.990540665228879e-01, -2.220446049250313e-16
1.295930741645489e-01, 2.751533896810516e-03, 3.624336473772559e+02, 1.096843517040870e+01, -6.579145986302410e+01, 5.001515399374146e+00, 2.633577951727333e-04, -5.815111972870181e-03, 9.062688274955873e-01, 9.373091003942602e-02, 0.000000000000000e+00, 2.624649872517646e-07, 3.124337440698971e-02, 4.170719547439655e+00, -4.167665882619252e+00, -9.992678326160105e-01, -2.220446049250313e-16
1.335242130514071e-01, 2.871334791996217e-03, 3.472700807956905e+02, 1.071616337239184e+01, -6.259557656779933e+01, 5.001516391318035e+00, 2.416909753678443e-04, -5.221235274772237e-03, 9.098268923535067e-01, 9.017280823797841e-02, 0.000000000000000e+00, 2.994085155053987e-07, 3.005730350703632e-02, 4.170375238395700e+00, -4.168013499145295e+00, -9.994336866312028e-01, -2.220446049250313e-16
1.375549539774235e-01, 2.996577968860746e-03, 3.327139932254742e+02, 1.047004451135434e+01, -5.956465821969619e+01, 5.001517324588949e+00, 2.217435663160434e-04, -4.688241041273239e-03, 9.132687903259076e-01, 8.673086808698618e-02, 0.000000000000000e+00, 3.415871069015963e-07, 2.890994792473645e-02, 4.170108564991780e+00, -4.168283284396021e+00, -9.995622942263226e-01, -2.220446049250313e-16
1.416877070857305e-01, 3.127521199815662e-03, 3.187420372590730e+02, 1.022989665853177e+01, -5.668939850119066e+01, 5.001518202370634e+00, 2.033784302533602e-04, -4.210002442536804e-03, 9.165971434157307e-01, 8.340246683626752e-02, 0.000000000000000e+00, 3.897480025030185e-07, 2.780043266250192e-02, 4.169902175305959e+00, -4.168492600908968e+00, -9.996619646366434e-01, -2.220446049250313e-16
1.459251309840159e-01, 3.264440951110090e-03, 3.053311651141813e+02, 9.995534885927217e+00, -5.396095403569959e+01, 5.001519027701371e+00, 1.864680718232861e-04, -3.780995295291105e-03, 9.198147274936573e-01, 8.018482775752907e-02, 0.000000000000000e+00, 4.447488143930932e-07, 2.672783128636665e-02, 4.169742565168172e+00, -4.168654962984783e+00, -9.997391680262291e-01, -4.440892098500626e-16
1.502676174771817e-01, 3.407549853994208e-03, 2.924659925306261e+02, 9.766902658634516e+00, -5.137239184805026e+01, 5.001519803036246e+00, 1.709027310014353e-04, -3.396455302643823e-03, 9.229226778633548e-01, 7.707681460033086e-02, 0.000000000000000e+00, 5.075363149693508e-07, 2.569176409919039e-02, 4.169619296313448e+00, -4.168780817074460e+00, -9.997989074830577e-01, -2.220446049250313e-16
1.547181580770850e-01, 3.557154771988801e-03, 2.801235563531303e+02, 9.543804687163327e+00, -4.891556894911052e+01, 5.001520531184507e+00, 1.565706898172566e-04, -3.051846156873443e-03, 9.259241403549191e-01, 7.407528041790108e-02, 0.000000000000000e+00, 5.792271804325306e-07, 2.469118100183316e-02, 4.169524167751907e+00, -4.168878373534812e+00, -9.998451156076540e-01, -2.220446049250313e-16
1.592793851429166e-01, 3.713563277053614e-03, 2.682831454304482e+02, 9.326076786525775e+00, -4.658312142582652e+01, 5.001521214699143e+00, 1.433703798526189e-04, -2.743140082291925e-03, 9.288219121734610e-01, 7.117742673356851e-02, 0.000000000000000e+00, 6.610929711120567e-07, 2.372514789699542e-02, 4.169450829841751e+00, -4.168953990520113e+00, -9.998808381866308e-01, -2.220446049250313e-16
1.639527095616536e-01, 3.877052412721739e-03, 2.569279033522241e+02, 9.113618622000550e+00, -4.436873354825153e+01, 5.001521855800479e+00, 1.312110730695383e-04, -2.466795910762751e-03, 9.316180217881689e-01, 6.838122365037330e-02, 0.000000000000000e+00, 7.545614585995865e-07, 2.279298672442612e-02, 4.169394370415668e+00, -4.169012587600954e+00, -9.999084320693137e-01, -4.440892098500626e-16
1.687413513902230e-01, 4.047974010888240e-03, 2.460371591591745e+02, 8.906251801333797e+00, -4.226561064333584e+01, 5.001522456817434e+00, 1.200039167810596e-04, -2.219525615080880e-03, 9.343155998216690e-01, 6.568353887932644e-02, 0.000000000000000e+00, 8.612990051184085e-07, 2.189365172128767e-02, 4.169350956228785e+00, -4.169058005787583e+00, -9.999297371595057e-01, -2.220446049250313e-16
1.736459318060976e-01, 4.226599421983147e-03, 2.355968241037599e+02, 8.703915870087881e+00, -4.026847890144749e+01, 5.001523019607536e+00, 1.096724049358982e-04, -1.998506692473643e-03, 9.369163034012629e-01, 6.308271345324522e-02, 0.000000000000000e+00, 9.831454922117915e-07, 2.102658805851248e-02, 4.169317636962274e+00, -4.169093201592420e+00, -9.999461697598034e-01, 0.000000000000000e+00
1.786698911165564e-01, 4.413313686042883e-03, 2.255871114402094e+02, 8.506434332750713e+00, -3.837119593296207e+01, 5.001523546235112e+00, 1.001392868248734e-04, -1.801072898090125e-03, 9.394233491786297e-01, 6.057552855277626e-02, 0.000000000000000e+00, 1.122268594660961e-06, 2.019072062852550e-02, 4.169292105329339e+00, -4.169120489185411e+00, -9.999588380618116e-01, -2.220446049250313e-16
1.838142827118832e-01, 4.608427054802318e-03, 2.159937785947869e+02, 8.313731622976949e+00, -3.656888962315384e+01, 5.001524038362260e+00, 9.133737944749419e-05, -1.624929286259124e-03, 9.418387083540731e-01, 5.816001057338271e-02, 0.000000000000000e+00, 1.281072544707600e-06, 1.938538915881598e-02, 4.169272587427979e+00, -4.169141648010531e+00, -9.999685941816704e-01, -2.220446049250313e-16
1.890810774393478e-01, 4.812295396440425e-03, 2.068010424587991e+02, 8.125696017461385e+00, -3.485658629793026e+01, 5.001524497631478e+00, 8.320213566796584e-05, -1.467976764397157e-03, 9.441648626025693e-01, 5.583367507832775e-02, 0.000000000000000e+00, 1.462319103191831e-06, 1.860976274195439e-02, 4.169257704481747e+00, -4.169158062320856e+00, -9.999761007431172e-01, 0.000000000000000e+00
1.944709509778733e-01, 5.025235785756459e-03, 1.979956377438851e+02, 7.942261342519293e+00, -3.322995900224285e+01, 5.001524925457466e+00, 7.567500667009829e-05, -1.328364842588358e-03, 9.464037747083256e-01, 5.359455619265460e-02, 0.000000000000000e+00, 1.669099019980048e-06, 1.786318299546006e-02, 4.169246392223212e+00, -4.169170801100892e+00, -9.999818693559437e-01, 0.000000000000000e+00
1.999858093572250e-01, 5.247624398556036e-03, 1.895624191158127e+02, 7.763316848576318e+00, -3.168449600508809e+01, 5.001525323245099e+00, 6.869922174293220e-05, -1.204397464106745e-03, 9.485579949149540e-01, 5.144010011771978e-02, 0.000000000000000e+00, 1.904967326355591e-06, 1.714479509801641e-02, 4.169237824361574e+00, -4.169180695325757e+00, -9.999862974869210e-01, 0.000000000000000e+00
2.056268901565584e-01, 5.479822879609999e-03, 1.814876500517788e+02, 7.588774528312204e+00, -3.021610094454472e+01, 5.001525692223595e+00, 6.222236664965523e-05, -1.094571130389964e-03, 9.506298216998086e-01, 4.936800436927152e-02, 0.000000000000000e+00, 2.173930919958073e-06, 1.645382754791319e-02, 4.169231363626944e+00, -4.169188386363960e+00, -9.999896918018611e-01, 0.000000000000000e+00
2.113931042240427e-01, 5.722105416226052e-03, 1.737608488938916e+02, 7.418612164750161e+00, -2.882140609675587e+01, 5.001526033371690e+00, 5.619736085211321e-05, -9.975752677937146e-04, 9.526208126861164e-01, 4.737670691306704e-02, 0.000000000000000e+00, 2.480400816612398e-06, 1.578975525600021e-02, 4.169226519411710e+00, -4.169194368086539e+00, -9.999922884196814e-01, 0.000000000000000e+00
2.172850598807742e-01, 5.974823074156179e-03, 1.663689727023807e+02, 7.252747652932648e+00, -2.749670494294403e+01, 5.001526347681263e+00, 5.057753283242635e-05, -9.121992072594883e-04, 9.545332713495213e-01, 4.546389921314091e-02, 0.000000000000000e+00, 2.829437338215706e-06, 1.515180364991897e-02, 4.169222910772053e+00, -4.169199024744574e+00, -9.999942708682193e-01, -2.220446049250313e-16
2.233022482453743e-01, 6.238286742247934e-03, 1.593004224265035e+02, 7.091125422450780e+00, -2.623867189338231e+01, 5.001526635971129e+00, 4.531959579610372e-05, -8.373743940659904e-04, 9.563692144273523e-01, 4.362755889804730e-02, 0.000000000000000e+00, 3.226674600489134e-06, 1.453929297169703e-02, 4.169220244487723e+00, -4.169202652288505e+00, -9.999957804581706e-01, 0.000000000000000e+00
2.294420136843527e-01, 6.512715608513234e-03, 1.525457803028937e+02, 6.933736172616634e+00, -2.504447658817176e+01, 5.001526898865897e+00, 4.038385457432185e-05, -7.721640736149801e-04, 9.581301683943932e-01, 4.186615333024948e-02, 0.000000000000000e+00, 3.678275357437490e-06, 1.395170617936637e-02, 4.169218294938907e+00, -4.169205478420799e+00, -9.999969259181934e-01, 0.000000000000000e+00
2.356998959231453e-01, 6.798242752932040e-03, 1.460968361005800e+02, 6.780597750737794e+00, -2.391159507293486e+01, 5.001527136847674e+00, 3.573322247001724e-05, -7.157363167687695e-04, 9.598174112476039e-01, 4.017839780834952e-02, 0.000000000000000e+00, 4.190944046475200e-06, 1.338860833466072e-02, 4.169216888120725e+00, -4.169207678753838e+00, -9.999977911039090e-01, 1.110223024625157e-16
2.420703959650876e-01, 7.094942076207819e-03, 1.399454776739334e+02, 6.631730298977140e+00, -2.283760536610012e+01, 5.001527350304505e+00, 3.133229161725280e-05, -6.673425147025455e-04, 9.614322563352602e-01, 3.856297168731037e-02, 0.000000000000000e+00, 4.771977429329076e-06, 1.284955192578142e-02, 4.169215889696495e+00, -4.169209388918172e+00, -9.999984407671620e-01, 1.110223024625157e-16
2.485469548469763e-01, 7.402821457278906e-03, 1.340836307171422e+02, 6.487154528964544e+00, -2.182017231475513e+01, 5.001527539534194e+00, 2.714723886123657e-05, -6.263092065602394e-04, 9.629760656392803e-01, 3.701850510402319e-02, 0.000000000000000e+00, 5.429256696554503e-06, 1.233407245048194e-02, 4.169215196115069e+00, -4.169210713457923e+00, -9.999989248199155e-01, 0.000000000000000e+00
2.551166116957418e-01, 7.721554814678174e-03, 1.285075958146493e+02, 6.347001367331748e+00, -2.085778982773221e+01, 5.001527704625318e+00, 2.314892551027849e-05, -5.920556529420244e-04, 9.644491000113099e-01, 3.554472940002373e-02, 0.000000000000000e+00, 6.170588666236099e-06, 1.184207254910908e-02, 4.169214727984815e+00, -4.169211732060053e+00, -9.999992814174954e-01, 1.110223024625157e-16
2.617668291442155e-01, 8.050790445651372e-03, 1.232114059173095e+02, 6.211350192819951e+00, -1.994861987327750e+01, 5.001527845696922e+00, 1.930827894701143e-05, -5.640361259853998e-04, 9.658522630240076e-01, 3.414073276458026e-02, 0.000000000000000e+00, 7.004211411755724e-06, 1.137324004666936e-02, 4.169214423860871e+00, -4.169212506566359e+00, -9.999995401305098e-01, 2.220446049250313e-16
2.684731700326362e-01, 8.389522825394886e-03, 1.181962905176232e+02, 6.080472280643207e+00, -1.909211268542151e+01, 5.001527962678558e+00, 1.560345851481008e-05, -5.417808044196784e-04, 9.671845909696105e-01, 3.280747207195162e-02, 0.000000000000000e+00, 7.936958437420068e-06, 1.092788706774151e-02, 4.169214236764701e+00, -4.169213083720472e+00, -9.999997234384794e-01, 2.220446049250313e-16
2.752038344678159e-01, 8.736266990672563e-03, 1.134653661647095e+02, 5.954705362520958e+00, -1.828807462127028e+01, 5.001528055565945e+00, 1.201678699845847e-05, -5.248412814299894e-04, 9.684446436940343e-01, 3.154638231883963e-02, 0.000000000000000e+00, 8.973987125583939e-06, 1.050648678717845e-02, 4.169214130438301e+00, -4.169213499766120e+00, -9.999998487311610e-01, 2.220446049250313e-16
2.819344989029955e-01, 9.089806684633142e-03, 1.090133407336989e+02, 5.834176363724707e+00, -1.753492377385508e+01, 5.001528124658765e+00, 8.527523900411605e-06, -5.127513452483852e-04, 9.696332525628675e-01, 3.035662688089019e-02, 0.000000000000000e+00, 1.012055624187716e-05, 1.010875507143366e-02, 4.169214076976982e+00, -4.169213783607224e+00, -9.999999296342782e-01, 3.330669073875470e-16
2.886651633381752e-01, 9.450141939129405e-03, 1.048185164245401e+02, 5.718557460787477e+00, -1.682837730381452e+01, 5.001528170506469e+00, 5.104643828979930e-06, -5.050447850004449e-04, 9.707556893768475e-01, 2.923292497188187e-02, 0.000000000000000e+00, 1.138565126999114e-05, 9.732922672956241e-03, 4.169214055358153e+00, -4.169213958098442e+00, -9.999999766719316e-01, 3.330669073875470e-16
2.944285944673481e-01, 9.764095962608896e-03, 1.014160356298677e+02, 5.623227914827849e+00, -1.625749187214897e+01, 5.001528191561461e+00, 2.205039612577848e-06, -5.016324245105885e-04, 9.716678721648598e-01, 2.831955749879346e-02, 0.000000000000000e+00, 1.257033634627279e-05, 9.427282163302807e-03, 4.169214050330648e+00, -4.169214033330706e+00, -9.999999959225068e-01, 2.220446049250313e-16
3.001920255965211e-01, 1.008303281484920e-02, 9.817650952472435e+01, 5.531103552279635e+00, -1.571578232977000e+01, 5.001528195946136e+00, -6.828266807548095e-07, -5.009395515065031e-04, 9.725378117956994e-01, 2.744833299868707e-02, 0.000000000000000e+00, 1.385520561317156e-05, 9.135589127287598e-03, 4.169214049905043e+00, -4.169214048376360e+00, -9.999999996333403e-01, 2.220446049250313e-16
3.059554567256940e-01, 1.040695252196164e-02, 9.508960912329658e+01, 5.442022038037351e+00, -1.520125940336952e+01, 5.001528183684001e+00, -3.574102458248542e-06, -5.027881246993623e-04, 9.733680552604114e-01, 2.661669786785877e-02, 0.000000000000000e+00, 1.524687172960961e-05, 8.856985751033761e-03, 4.169214048355395e+00, -4.169214009039733e+00, -9.999999905700064e-01, 1.110223024625157e-16
3.122471096171685e-01, 1.076624849366164e-02, 9.188286449906160e+01, 5.348072283223910e+00, -1.466848094698662e+01, 5.001528151218863e+00, -6.750937950996394e-06, -5.075286560804045e-04, 9.742318382429226e-01, 2.575126557995248e-02, 0.000000000000000e+00, 1.689617712472649e-05, 8.566859016723917e-03, 4.169214040103673e+00, -4.169213909041253e+00, -9.999999685642381e-01, 1.110223024625157e-16
3.192551033240565e-01, 1.117344315037061e-02, 8.849792705275735e+01, 5.247259111076057e+00, -1.410799810292630e+01, 5.001528091383089e+00, -1.033534299214085e-05, -5.159554896494460e-04, 9.751450272734535e-01, 2.483606831270460e-02, 0.000000000000000e+00, 1.890441384186095e-05, 8.259785025019530e-03, 4.169214017417324e+00, -4.169213732214064e+00, -9.999999315930391e-01, 0.000000000000000e+00
3.269283338598021e-01, 1.162774052513645e-02, 8.500123109371374e+01, 5.141242243167478e+00, -1.353105974724806e+01, 5.001527996771530e+00, -1.434120638664228e-05, -5.287651082233939e-04, 9.760898310780575e-01, 2.388884295589068e-02, 0.000000000000000e+00, 2.132596605186939e-05, 7.941621688505355e-03, 4.169213970611632e+00, -4.169213463551514e+00, -9.999998783799244e-01, 0.000000000000000e+00
3.352169288941851e-01, 1.212839431059293e-02, 8.145114517150890e+01, 5.031534622322172e+00, -1.294744231445684e+01, 5.001527859547346e+00, -1.879497440530389e-05, -5.465793588793153e-04, 9.770505101002848e-01, 2.292526511863688e-02, 0.000000000000000e+00, 2.422478107826062e-05, 7.617530263118525e-03, 4.169213888549430e+00, -4.169213088059990e+00, -9.999998079999106e-01, 1.110223024625157e-16
3.440890936790438e-01, 1.267571742215326e-02, 7.789099817358718e+01, 4.919279886501672e+00, -1.236432510904702e+01, 5.001527670990357e+00, -2.374495458154540e-05, -5.699983625953709e-04, 9.780152802499000e-01, 2.195703783102957e-02, 0.000000000000000e+00, 2.768191907031363e-05, 7.291330699039250e-03, 4.169213758799520e+00, -4.169212589094554e+00, -9.999997194423137e-01, 1.110223024625157e-16
3.535301089757473e-01, 1.327110147478958e-02, 7.435169570511144e+01, 4.805307692009085e+00, -1.178675907795894e+01, 5.001527420988433e+00, -2.926251828503777e-05, -5.996488760100538e-04, 9.789756320006068e-01, 2.099256810488854e-02, 0.000000000000000e+00, 3.179989450463516e-05, 6.965722819486052e-03, 4.169213567472942e+00, -4.169211946826793e+00, -9.999996112825302e-01, 0.000000000000000e+00
3.635418211857360e-01, 1.391708424641575e-02, 7.085413138944988e+01, 4.690184485193501e+00, -1.121809576725445e+01, 5.001527097378402e+00, -3.544482723859304e-05, -6.362363882324977e-04, 9.799256982086717e-01, 2.003759294166049e-02, 0.000000000000000e+00, 3.670884966781912e-05, 6.642488816589610e-03, 4.169213298715399e+00, -4.169211136554742e+00, -9.999994813984071e-01, 0.000000000000000e+00
3.741208310891649e-01, 1.461601026788362e-02, 6.741812380204345e+01, 4.574490513819479e+00, -1.066146357240866e+01, 5.001526686005783e+00, -4.240470665718224e-05, -6.805050665710042e-04, 9.808598384892828e-01, 1.909759909270404e-02, 0.000000000000000e+00, 4.256241801290959e-05, 6.323303974864964e-03, 4.169212934680380e+00, -4.169210128928950e+00, -9.999993270309111e-01, 1.110223024625157e-16
3.852671949325910e-01, 1.537058488463587e-02, 6.405933297304647e+01, 4.458715707617714e+00, -1.011927582309000e+01, 5.001526170013607e+00, -5.027818462039670e-05, -7.332827005570107e-04, 9.817734802454359e-01, 1.817697299576395e-02, 0.000000000000000e+00, 4.954675880019504e-05, 6.009444282173390e-03, 4.169212454866371e+00, -4.169208888243955e+00, -9.999991445333011e-01, 0.000000000000000e+00
3.969863972790351e-01, 1.618404044835283e-02, 6.078926722231327e+01, 4.343249928538322e+00, -9.593245833834377e+00, 5.001525529053970e+00, -5.922959410283066e-05, -7.955175368591291e-04, 9.826631204038172e-01, 1.727899030526533e-02, 0.000000000000000e+00, 5.788929091746606e-05, 5.701774206161688e-03, 4.169211835262035e+00, -4.169207370664164e+00, -9.999989291506290e-01, 0.000000000000000e+00
4.092790138868340e-01, 1.705944079960118e-02, 5.761856855374639e+01, 4.228491234823458e+00, -9.084926157037001e+00, 5.001524739079094e+00, -6.944776245978825e-05, -8.682478287560759e-04, 9.835254316924807e-01, 1.640670850479710e-02, 0.000000000000000e+00, 6.785980272236312e-05, 5.401043122123396e-03, 4.169211048013072e+00, -4.169205523860327e+00, -9.999986750124467e-01, 0.000000000000000e+00
4.221462377034978e-01, 1.800004797241788e-02, 5.455540749293201e+01, 4.114786679767208e+00, -8.595456636823176e+00, 5.001523771333200e+00, -8.115353055114013e-05, -9.526434065344246e-04, 9.843576971649395e-01, 1.556252055354084e-02, 0.000000000000000e+00, 7.978228151980224e-05, 5.107724699318361e-03, 4.169210060323459e+00, -4.169203284746898e+00, -9.999983748536384e-01, 0.000000000000000e+00
4.355849209931977e-01, 1.900895180332027e-02, 5.160679338591047e+01, 4.002475844149481e+00, -8.125780873674566e+00, 5.001522591855204e+00, -9.459924873344144e-05, -1.049989001163759e-03, 9.851574504044748e-01, 1.474850961092988e-02, 0.000000000000000e+00, 9.403998459536130e-05, 4.822130071921889e-03, 4.169208833836436e+00, -4.169200578442898e+00, -9.999980199136415e-01, 0.000000000000000e+00
4.495933829102274e-01, 2.008947951744973e-02, 4.877729757166679e+01, 3.891838644478763e+00, -7.676448127653456e+00, 5.001521160074001e+00, -1.100782568600439e-04, -1.161736229196275e-03, 9.859228166394060e-01, 1.396609176363815e-02, 0.000000000000000e+00, 1.110915969559731e-04, 4.544272590925528e-03, 4.169207323078674e+00, -4.169197315143987e+00, -9.999975995593618e-01, 0.000000000000000e+00
4.641723763683684e-01, 2.124528694257403e-02, 4.606926306540353e+01, 3.783094836966297e+00, -7.247653450200012e+00, 5.001519427360339e+00, -1.279322989217483e-04, -1.289536859399691e-03, 9.866524449409700e-01, 1.321606768733141e-02, 0.000000000000000e+00, 1.314873716986137e-04, 4.273868905271329e-03, 4.169205473813544e+00, -4.169193386940754e+00, -9.999971009169815e-01, 0.000000000000000e+00
4.793126991398333e-01, 2.247936103739635e-02, 4.348525019623173e+01, 3.676497002697070e+00, -6.839629114945452e+00, 5.001517337188861e+00, -1.485417072362254e-04, -1.435148823755338e-03, 9.873448374851717e-01, 1.249929609594564e-02, 0.000000000000000e+00, 1.558664188826661e-04, 4.010566157234807e-03, 4.169203223123591e+00, -4.169188668276660e+00, -9.999965089619881e-01, 0.000000000000000e+00
4.950166227432350e-01, 2.379572493915210e-02, 4.102435532252510e+01, 3.572175878795368e+00, -6.452065718318963e+00, 5.001514820889988e+00, -1.723589643409546e-04, -1.600647303990428e-03, 9.879993239903160e-01, 1.181567035881404e-02, 0.000000000000000e+00, 1.850056508703648e-04, 3.753551911435127e-03, 4.169200494767613e+00, -4.169183006426459e+00, -9.999958053489690e-01, -2.220446049250313e-16
5.112878662983417e-01, 2.519869382948224e-02, 3.868459662103633e+01, 3.470227352998131e+00, -6.084493743256239e+00, 5.001511796409597e+00, -1.999078480838153e-04, -1.788379440232500e-03, 9.886153915718480e-01, 1.116477555329034e-02, 0.000000000000000e+00, 2.198328748620712e-04, 3.501760082406491e-03, 4.169197197712545e+00, -4.169176218828905e+00, -9.999949681239229e-01, -2.220446049250313e-16
5.281219404574642e-01, 2.669202675760026e-02, 3.646437125518246e+01, 3.370772895906242e+00, -5.736513451755671e+00, 5.001508167933324e+00, -2.317754114515910e-04, -2.000871428224639e-03, 9.891922767750283e-01, 1.054629279316510e-02, 0.000000000000000e+00, 2.614304318066755e-04, 3.254002075242070e-03, 4.169193225658510e+00, -4.169168092309407e+00, -9.999939716516500e-01, 0.000000000000000e+00
5.455259832930515e-01, 2.828065956280052e-02, 3.435985424170828e+01, 3.273840957865978e+00, -5.407387519199815e+00, 5.001503819213964e+00, -2.686580296243236e-04, -2.241093952596625e-03, 9.897296147271601e-01, 9.959274221635278e-03, 0.000000000000000e+00, 3.111110512048465e-04, 3.008649267399079e-03, 4.169188449679758e+00, -4.169158368190864e+00, -9.999927848095000e-01, 0.000000000000000e+00
5.635092505495676e-01, 2.996995240970233e-02, 3.236675301747442e+01, 3.179437080765059e+00, -5.096317742847379e+00, 5.001498611182413e+00, -3.113637112486152e-04, -2.512413628540082e-03, 9.902269262060025e-01, 9.402629793736480e-03, 0.000000000000000e+00, 3.704440002613567e-04, 2.763769127775296e-03, 4.169182715509034e+00, -4.169146737044167e+00, -9.999913703794430e-01, -2.220446049250313e-16
5.820715774398204e-01, 3.176459461752823e-02, 3.048159175461926e+01, 3.087603735497891e+00, -4.802644820296869e+00, 5.001492381522688e+00, -3.607983865412315e-04, -2.818448261230310e-03, 9.906832544205579e-01, 8.875486421630359e-03, 0.000000000000000e+00, 4.412591578118134e-04, 2.517240867672462e-03, 4.169175843020394e+00, -4.169132837789436e+00, -9.999896849563135e-01, 0.000000000000000e+00
6.012279007166736e-01, 3.367095379171712e-02, 2.869918839204356e+01, 2.998297188838854e+00, -4.525454414286461e+00, 5.001484932178560e+00, -4.180457503165007e-04, -3.163498367065274e-03, 9.910977286115931e-01, 8.376483185394076e-03, 0.000000000000000e+00, 5.257882030130374e-04, 2.266379338814980e-03, 4.169167612402769e+00, -4.169116229866954e+00, -9.999876755888484e-01, 0.000000000000000e+00
6.209876208293812e-01, 3.569515618280982e-02, 2.701500559007451e+01, 2.911497585072337e+00, -4.263943250504735e+00, 5.001476029379838e+00, -4.843402988613268e-04, -3.552290327836322e-03, 9.914689085861164e-01, 7.904428441797928e-03, 0.000000000000000e+00, 6.266629720858719e-04, 2.008155733103761e-03, 4.169157764115149e+00, -4.169096393371889e+00, -9.999852798222730e-01, 0.000000000000000e+00
6.413597316127897e-01, 3.784356577905942e-02, 2.542457124252667e+01, 2.827181409118841e+00, -4.017327627395044e+00, 5.001465395587190e+00, -5.611020032889362e-04, -3.990101694733622e-03, 9.917948556439908e-01, 7.458138766142475e-03, 0.000000000000000e+00, 7.470055898666204e-04, 1.739053795221099e-03, 4.169145989937086e+00, -4.169072711148289e+00, -9.999824235493375e-01, 1.110223024625157e-16
6.623638412583986e-01, 4.012400238557073e-02, 2.392273802574633e+01, 2.745280029282480e+00, -3.784727879058085e+00, 5.001452694525549e+00, -6.500118832881226e-04, -4.483087297797374e-03, 9.920731723600184e-01, 7.036231454834521e-03, 0.000000000000000e+00, 8.905961851468818e-04, 1.454832987161587e-03, 4.169131916339237e+00, -4.169044435519721e+00, -9.999790170181057e-01, 1.110223024625157e-16
6.840131940890851e-01, 4.254399982117271e-02, 2.250507719545293e+01, 2.665752611559470e+00, -3.565383560908912e+00, 5.001437529193995e+00, -7.529865287706262e-04, -5.038009909067944e-03, 9.923005906631360e-01, 6.637516148296160e-03, 0.000000000000000e+00, 1.061893188567560e-03, 1.150638790023138e-03, 4.169115102210119e+00, -4.169010683933257e+00, -9.999749543310025e-01, 2.220446049250313e-16
7.063218654105633e-01, 4.511156130930837e-02, 2.116726646066357e+01, 2.588554740027471e+00, -3.358557395059721e+00, 5.001419426755947e+00, -8.722410521519145e-04, -5.662466007455203e-03, 9.924729746319744e-01, 6.260823927146133e-03, 0.000000000000000e+00, 1.266201440879291e-03, 8.207777156595463e-04, 4.169095022047317e+00, -4.168970405396612e+00, -9.999701094242165e-01, 1.110223024625157e-16
7.293091862837555e-01, 4.783572287807985e-02, 1.990487902835138e+01, 2.513625454026675e+00, -3.163501772433670e+00, 5.001397819675254e+00, -1.010363689168518e-03, -6.365128712300250e-03, 9.925851702510835e-01, 5.904948306357951e-03, 0.000000000000000e+00, 1.509881442558197e-03, 4.584885154346111e-04, 4.169071044951893e+00, -4.168922338598902e+00, -9.999643310580734e-01, 2.220446049250313e-16
7.529937806685941e-01, 5.072592814478197e-02, 1.871378418440762e+01, 2.440909993259864e+00, -2.979519761310547e+00, 5.001372032037779e+00, -1.170344274247206e-03, -7.155719264402620e-03, 9.926307429761840e-01, 5.568758425892356e-03, 0.000000000000000e+00, 1.800498597923546e-03, 5.583084135275063e-05, 4.169042419347636e+00, -4.168864981602266e+00, -9.999574392084508e-01, 1.110223024625157e-16
7.773932881037786e-01, 5.379200649680078e-02, 1.759012268039256e+01, 2.370359579950888e+00, -2.805960337593451e+00, 5.001341259875190e+00, -1.355631536785042e-03, -8.045112457255312e-03, 9.926017690221669e-01, 5.251192748256793e-03, 0.000000000000000e+00, 2.147038229576061e-03, -3.965316199381464e-04, 4.169008251017223e+00, -4.168796548226095e+00, -9.999492198675606e-01, 1.110223024625157e-16
8.025297548798752e-01, 5.704489033150691e-02, 1.653005386089212e+01, 2.301916141048816e+00, -2.642178437356165e+00, 5.001304539415164e+00, -1.570248173565841e-03, -9.045683459467262e-03, 9.924885582499355e-01, 4.951188012509757e-03, 0.000000000000000e+00, 2.560253737554292e-03, -9.097026246183801e-04, 4.168967467684500e+00, -4.168714897640409e+00, -9.999394166430778e-01, 2.220446049250313e-16
8.284205616115244e-01, 6.049550415753203e-02, 1.553015399947691e+01, 2.235538217238355e+00, -2.487595640353939e+00, 5.001260729633046e+00, -1.818803861135234e-03, -1.017113293374466e-02, 9.922793579681987e-01, 4.667792217123980e-03, 0.000000000000000e+00, 3.052849814677191e-03, -1.496698434602451e-03, 4.168918799413979e+00, -4.168617495842576e+00, -9.999277262077051e-01, 1.110223024625157e-16
8.550899228960314e-01, 6.415631006290336e-02, 1.458693134033939e+01, 2.171170239730973e+00, -2.341624398667095e+00, 5.001208459383064e+00, -2.106695595323984e-03, -1.143714510059493e-02, 9.919599136814172e-01, 4.400027628201523e-03, 0.000000000000000e+00, 3.640058690380907e-03, -2.173068984235701e-03, 4.168860719582249e+00, -4.168501298485991e+00, -9.999137843357132e-01, 2.220446049250313e-16
8.825601649764663e-01, 6.804023558243676e-02, 1.369718603176222e+01, 2.108766551102066e+00, -2.203722819400002e+00, 5.001146097455884e+00, -2.440149975121421e-03, -1.286126082413193e-02, 9.915130566572434e-01, 4.146992862400317e-03, 0.000000000000000e+00, 4.339950480355980e-03, -2.957173197561710e-03, 4.168791411186671e+00, -4.168362684846067e+00, -9.998971581213074e-01, 2.220446049250313e-16
9.108539161585266e-01, 7.216100698604967e-02, 1.285789974069129e+01, 2.048285250809480e+00, -2.073376810689334e+00, 5.001071699470660e+00, -2.826372868336342e-03, -1.446319949239720e-02, 9.909181750659367e-01, 3.907831849078924e-03, 0.000000000000000e+00, 5.173993084984093e-03, -3.870747785749002e-03, 4.168708707249473e+00, -4.168197340499311e+00, -9.998773320982411e-01, 1.110223024625157e-16
9.399916561556673e-01, 7.653283705271333e-02, 1.206628681896677e+01, 1.989693025692051e+00, -1.950107280186533e+00, 5.000982956322797e+00, -3.273661872997931e-03, -1.626496878797036e-02, 9.901506721138207e-01, 3.681748620482746e-03, 0.000000000000000e+00, 6.167579265696266e-03, -4.939427377180773e-03, 4.168610032710395e+00, -4.168000143766638e+00, -9.998536948913495e-01, 2.220446049250313e-16
9.699916561556673e-01, 8.117042843949991e-02, 1.131975756719513e+01, 1.932963943996899e+00, -1.833463783922439e+00, 5.000877129999382e+00, -3.791556071609526e-03, -1.829108900157465e-02, 9.891813286052275e-01, 3.467997141778804e-03, 0.000000000000000e+00, 7.350674252993553e-03, -6.193392679654635e-03, 4.168492331948811e+00, -4.167765024501473e+00, -9.998255226615714e-01, 1.110223024625157e-16
9.999916561556673e-01, 8.594704053637549e-02, 1.063507194382997e+01, 1.879593090502513e+00, -1.726036545775165e+00, 5.000754827894447e+00, -4.372967461380513e-03, -2.050124586747677e-02, 9.880129751482987e-01, 3.271390438677538e-03, 0.000000000000000e+00, 8.715634413023577e-03, -7.623366655034279e-03, 4.168356266973997e+00, -4.167493349262543e+00, -9.997929836952060e-01, 1.110223024625157e-16
1.029991656155667e+00, 9.086342493671958e-02, 1.000552835969406e+01, 1.829320199071906e+00, -1.626769092610268e+00, 5.000614060044472e+00, -5.023580718793391e-03, -2.290640437424005e-02, 9.866263097315207e-01, 3.090041047551424e-03, 0.000000000000000e+00, 1.028364922092775e-02, -9.251121765421148e-03, 4.168199607930472e+00, -4.167180717907681e+00, -9.997555563268006e-01, 1.110223024625157e-16
1.059991656155667e+00, 9.592044738859226e-02, 9.425305836500186e+00, 1.781914574520202e+00, -1.534742532811608e+00, 5.000452660957167e+00, -5.749414905372710e-03, -2.551789351870046e-02, 9.850001553674786e-01, 2.922306487904224e-03, 0.000000000000000e+00, 1.207753814461674e-02, -1.109996579971330e-02, 4.168019924532874e+00, -4.166822346958331e+00, -9.997126747001631e-01, 2.220446049250313e-16
1.089991656155667e+00, 1.011191014867264e-01, 8.889328379082436e+00, 1.737171299939765e+00, -1.449153950605873e+00, 5.000268279414570e+00, -6.556834544544360e-03, -2.834741702545616e-02, 9.831114661408353e-01, 2.766751909696788e-03, 0.000000000000000e+00, 1.412178194946780e-02, -1.319478253450657e-02, 4.167814573426329e+00, -4.166413048613518e+00, -9.996637266874233e-01, 1.110223024625157e-16
1.119991656155667e+00, 1.064605236369953e-01, 8.393153122276184e+00, 1.694908032602298e+00, -1.369298629850794e+00, 5.000058367938757e+00, -7.452561046140134e-03, -3.140706583725191e-02, 9.809353396107198e-01, 2.622119268434383e-03, 0.000000000000000e+00, 1.644254112084549e-02, -1.556205674115425e-02, 4.167580684898667e+00, -4.165947209366128e+00, -9.996080518516516e-01, 2.220446049250313e-16
1.149991656155667e+00, 1.119460093922877e-01, 7.932877602592713e+00, 1.654962285459836e+00, -1.294555345212309e+00, 4.999820171908913e+00, -8.443684534856716e-03, -3.470933259399755e-02, 9.784450392741026e-01, 2.487301765037114e-03, 0.000000000000000e+00, 1.906765896086001e-02, -1.822988143357344e-02, 4.167315148885724e+00, -4.165418768256699e+00, -9.995449394727126e-01, 1.110223024625157e-16
1.179991656155667e+00, 1.175770312681729e-01, 7.505062504250276e+00, 1.617189111522283e+00, -1.224374124824122e+00, 4.999550718316699e+00, -9.537676146026620e-03, -3.826712835306505e-02, 9.756120307530933e-01, 2.361322556703777e-03, 0.000000000000000e+00, 2.202664669020263e-02, -2.122794493168365e-02, 4.167014600202848e+00, -4.164821194804158e+00, -9.994736266586194e-01, 2.220446049250313e-16
1.209991656155667e+00, 1.233552581576121e-01, 7.106666995275479e+00, 1.581459124281055e+00, -1.158266015238225e+00, 4.999246804144859e+00, -1.074240086020442e-02, -4.209380184196664e-02, 9.724060353768557e-01, 2.243316951861904e-03, 0.000000000000000e+00, 2.535064767128217e-02, -2.458749502903518e-02, 4.166675402926750e+00, -4.164147466657448e+00, -9.993932965674439e-01, 2.220446049250313e-16
1.239991656155667e+00, 1.292825764764813e-01, 6.734994360836529e+00, 1.547656799900922e+00, -1.095794476805336e+00, 4.998904984351712e+00, -1.206613095743992e-02, -4.620316157777155e-02, 9.687951048628969e-01, 2.132517462346728e-03, 0.000000000000000e+00, 2.907237767475634e-02, -2.834127730522536e-02, 4.166293633842092e+00, -4.163390047016704e+00, -9.993030767678488e-01, 0.000000000000000e+00
1.269991656155667e+00, 1.353611131861022e-01, 6.387646100583870e+00, 1.515679016881237e+00, -1.036568112893258e+00, 4.998521559441576e+00, -1.351756018286389e-02, -5.060950123695898e-02, 9.647457208400660e-01, 2.028241210538050e-03, 0.000000000000000e+00, 3.322603794939551e-02, -3.252344442253000e-02, 4.165865064856601e+00, -4.162540861877480e+00, -9.992020377694987e-01, 2.220446049250313e-16
1.299991656155667e+00, 1.415932608556109e-01, 6.062483016192034e+00, 1.485433796870600e+00, -9.802344949302193e-01, 4.998092562598291e+00, -1.510581872755475e-02, -5.532762871624145e-02, 9.602229229747091e-01, 1.929879286723678e-03, 0.000000000000000e+00, 3.784719773856694e-02, -3.716943310335613e-02, 4.165385144276947e+00, -4.161591277156504e+00, -9.990891917580166e-01, 1.110223024625157e-16
1.329991656155668e+00, 1.479817049462075e-01, 5.757592098046900e+00, 1.456839216743788e+00, -9.264748911206732e-01, 4.997613746355616e+00, -1.684048914283457e-02, -6.037289939081316e-02, 9.551904694401778e-01, 1.836887728729367e-03, 0.000000000000000e+00, 4.297264283109248e-02, -4.231580541507867e-02, 4.164848976825205e+00, -4.160532075762333e+00, -9.989634915727095e-01, 2.220446049250313e-16
1.359991656155668e+00, 1.545294535215233e-01, 5.471258243728387e+00, 1.429822467251515e+00, -8.749997427805934e-01, 4.997080568774538e+00, -1.873162332245938e-02, -6.576125415332415e-02, 9.496110333860307e-01, 1.748779856574131e-03, 0.000000000000000e+00, 4.864018675739488e-02, -4.800005100857054e-02, 4.164251302262316e+00, -4.159353434679039e+00, -9.988238299689992e-01, 1.110223024625157e-16
1.389991656155668e+00, 1.612398696139937e-01, 5.201940018892276e+00, 1.404319037790252e+00, -8.255447607967284e-01, 4.996488179093215e+00, -2.078976070598061e-02, -7.150926290679954e-02, 9.434464388938116e-01, 1.665119743143347e-03, 0.000000000000000e+00, 5.488844136304474e-02, -5.426034708545635e-02, 4.163586472470657e+00, -4.158044902135421e+00, -9.986690392112962e-01, 2.220446049250313e-16
1.419991656155668e+00, 1.681167065068146e-01, 4.948248813448323e+00, 1.380272010310969e+00, -7.778675374043936e-01, 4.995831402810333e+00, -2.302594787829179e-02, -7.763417429025034e-02, 9.366579396279332e-01, 1.585516640336486e-03, 0.000000000000000e+00, 6.175654373172998e-02, -6.113527312763974e-02, 4.162848426832487e+00, -4.156595374936134e+00, -9.984978910459368e-01, 2.220446049250313e-16
1.449991656155668e+00, 1.751641462254199e-01, 4.708930860274872e+00, 1.357631448248195e+00, -7.317445865731272e-01, 4.995104726157074e+00, -2.545175976554836e-02, -8.415397253987722e-02, 9.292065429793707e-01, 1.509620210923876e-03, 0.000000000000000e+00, 6.928383680970507e-02, -6.866347783267712e-02, 4.162030665724778e+00, -4.154993076034132e+00, -9.983090971076686e-01, 2.220446049250313e-16
1.479991656155668e+00, 1.823868415722501e-01, 4.482851676028741e+00, 1.336353868727068e+00, -6.869687407600227e-01, 4.994302279906424e+00, -2.807932265687039e-02, -9.108744253513400e-02, 9.210533819337443e-01, 1.437116441045312e-03, 0.000000000000000e+00, 7.750950162520998e-02, -7.688329628169871e-02, 4.161126221933777e+00, -4.153225532425724e+00, -9.981013098169416e-01, 2.220446049250313e-16
1.509991656155668e+00, 1.897899620847816e-01, 4.268982558483715e+00, 1.316401788292926e+00, -6.433468433814460e-01, 4.993417822461208e+00, -3.092133931523724e-02, -9.845424425180588e-02, 9.121601361526664e-01, 1.367724128152988e-03, 0.000000000000000e+00, 8.647213971918018e-02, -8.583231614303040e-02, 4.160127629774443e+00, -4.151279553449970e+00, -9.978731238289071e-01, 2.220446049250313e-16
1.539991656155668e+00, 1.973792443504432e-01, 4.066388835821656e+00, 1.297743334083085e+00, -6.006976856382455e-01, 4.992444722153722e+00, -3.399111648062962e-02, -1.062749980488215e-01, 9.024895028196755e-01, 1.301191855222718e-03, 0.000000000000000e+00, 9.620930532510100e-02, -9.554689270172380e-02, 4.159026891680953e+00, -4.149141209572567e+00, -9.976230780983506e-01, 4.440892098500626e-16
1.569991656155668e+00, 2.051610471744461e-01, 3.874219613188616e+00, 1.280351913785864e+00, -5.588501437492401e-01, 4.991375938680077e+00, -3.730259511480977e-02, -1.145713824579894e-01, 8.920057166560140e-01, 1.237295375006885e-03, 0.000000000000000e+00, 1.067569879689788e-01, -1.060616137153171e-01, 4.157815442014514e+00, -4.146795811730293e+00, -9.973496586277331e-01, 2.220446049250313e-16
1.599991656155668e+00, 2.131424121692224e-01, 3.691698802798852e+00, 1.264205938958432e+00, -5.176414785433028e-01, 4.990204003581117e+00, -4.087038379140037e-02, -1.233662464337362e-01, 8.806751171497940e-01, 1.175835338600794e-03, 0.000000000000000e+00, 1.181490475116048e-01, -1.174087165348474e-01, 4.156484107814059e+00, -4.144227891304944e+00, -9.970513019679125e-01, 2.220446049250313e-16
1.629991656155668e+00, 2.213311304189348e-01, 3.518117257645608e+00, 1.249288597344124e+00, -4.769157639931208e-01, 4.988920999668689e+00, -4.470979569862228e-02, -1.326837383623473e-01, 8.684667594663388e-01, 1.116635311143721e-03, 0.000000000000000e+00, 1.304166052225171e-01, -1.296174615936517e-01, 4.155023066193810e+00, -4.141421180784598e+00, -9.967263995427895e-01, 2.220446049250313e-16
1.659991656155668e+00, 2.297358159715875e-01, 3.352825856825365e+00, 1.235587670776440e+00, -4.365224148426322e-01, 4.987518539280975e+00, -4.883688979697707e-02, -1.425494545382567e-01, 8.553530637300945e-01, 1.059540024489004e-03, 0.000000000000000e+00, 1.435873962454159e-01, -1.427134682393701e-01, 4.153421798069497e+00, -4.138358595154313e+00, -9.963733028698925e-01, 3.330669073875470e-16
1.689991656155668e+00, 2.383659870272625e-01, 3.195229413689914e+00, 1.223095396110393e+00, -3.963147861335645e-01, 4.985987741233006e+00, -5.326851676247785e-02, -1.529906103021353e-01, 8.413104954152110e-01, 1.004413822497000e-03, 0.000000000000000e+00, 1.576850907622918e-01, -1.567180209372683e-01, 4.151669037871783e+00, -4.135022214036821e+00, -9.959903297485642e-01, 1.110223024625157e-16
1.719991656155668e+00, 2.472321558271304e-01, 3.044781297377917e+00, 1.211808367408170e+00, -3.561488192812002e-01, 4.984319206308052e+00, -5.802237045035565e-02, -1.640362376184791e-01, 8.263202674933445e-01, 9.511392595190581e-04, 0.000000000000000e+00, 1.727285932471359e-01, -1.716473560598200e-01, 4.149752718881609e+00, -4.131393264575501e+00, -9.955757714857150e-01, 2.220446049250313e-16
1.749991656155668e+00, 2.563459284079995e-01, 2.900978674443397e+00, 1.201727478348125e+00, -3.158817104566622e-01, 4.982502991111735e+00, -6.311704573766667e-02, -1.757174135695068e-01, 8.103690528209418e-01, 8.996158168957382e-04, 0.000000000000000e+00, 1.887313313621620e-01, -1.875119417350096e-01, 4.147659913797185e+00, -4.127452105015276e+00, -9.951279012257761e-01, 2.220446049250313e-16
1.779991656155668e+00, 2.657201155759706e-01, 2.763358290855836e+00, 1.192857904545614e+00, -2.753705774422480e-01, 4.980528580082830e+00, -6.857210374974812e-02, -1.880675250826425e-01, 7.934496930790029e-01, 8.497587060984136e-04, 0.000000000000000e+00, 2.057005482148982e-01, -2.043157654720665e-01, 4.145376770116329e+00, -4.123178208890970e+00, -9.946449834462849e-01, 2.220446049250313e-16
1.809991656155668e+00, 2.753688566760152e-01, 2.631492726051256e+00, 1.185209126191556e+00, -2.344711008478167e-01, 4.978384855422006e+00, -7.440814564970798e-02, -2.011225762219562e-01, 7.755618884982962e-01, 8.014977306794311e-04, 0.000000000000000e+00, 2.236366137710240e-01, -2.220556464182276e-01, 4.142888439890200e+00, -4.118550149674864e+00, -9.941252846731298e-01, 2.220446049250313e-16
1.839991656155668e+00, 2.853077579990175e-01, 2.504987060335890e+00, 1.178794992150999e+00, -1.930361145908640e-01, 4.976060064661399e+00, -8.064689637783135e-02, -2.149215455986050e-01, 7.567128507199309e-01, 7.547761826127450e-04, 0.000000000000000e+00, 2.425323730974560e-01, -2.407205910071632e-01, 4.140179003375052e+00, -4.113545585664284e+00, -9.935670854595764e-01, 2.220446049250313e-16
1.869991656155668e+00, 2.955540479826916e-01, 2.383475905085768e+00, 1.173633827440997e+00, -1.509141188011882e-01, 4.973541785552659e+00, -8.731129997599046e-02, -2.295068029402979e-01, 7.369178995756457e-01, 7.095497520267488e-04, 0.000000000000000e+00, 2.623725506723273e-01, -2.602912123094629e-01, 4.137231386076190e+00, -4.108141244803256e+00, -9.929686936604906e-01, 1.110223024625157e-16
1.899991656155668e+00, 3.061267517385022e-01, 2.266620752093610e+00, 1.169748586848781e+00, -1.079476857296182e-01, 4.970816887897751e+00, -9.442562842955267e-02, -2.449245956663775e-01, 7.162009834524408e-01, 6.657854328469113e-04, 0.000000000000000e+00, 2.831332311147119e-01, -2.807392344510303e-01, 4.134027268642448e+00, -4.102312909027380e+00, -9.923284590172812e-01, 2.220446049250313e-16
1.929991656155668e+00, 3.170468878865716e-01, 2.154107604291531e+00, 1.167167058384374e+00, -6.397172569675369e-02, 4.967871491883614e+00, -1.020156063166520e-01, -2.612256185206571e-01, 6.945951023619924e-01, 6.234604105397681e-04, 0.000000000000000e+00, 3.047814372274675e-01, -3.020271038888734e-01, 4.130546989028223e+00, -4.096035397595084e+00, -9.916447890497770e-01, 2.220446049250313e-16
1.959991656155668e+00, 3.283376912210918e-01, 2.045644855091074e+00, 1.165922121317780e+00, -1.881157544267187e-02, 4.964690922406827e+00, -1.101085539854103e-01, -2.784656820169258e-01, 6.721426129894787e-01, 5.825609220105968e-04, 0.000000000000000e+00, 3.272748260885104e-01, -3.241077289965919e-01, 4.126769436291906e+00, -4.089282548717679e+00, -9.909161662281015e-01, 1.110223024625157e-16
1.989991656155668e+00, 3.400248653806989e-01, 1.940961387869029e+00, 1.166052064766802e+00, 2.771913479544896e-02, 4.961259658785265e+00, -1.187335525004827e-01, -2.967064987773991e-01, 6.488953959555493e-01, 5.430810817485303e-04, 0.000000000000000e+00, 3.505615229627017e-01, -3.469243682036395e-01, 4.122671935341566e+00, -4.082027198621795e+00, -9.901411663704444e-01, 2.220446049250313e-16
2.019991656155668e+00, 3.521368704876634e-01, 1.839804870802455e+00, 1.167600974222557e+00, 7.582088684481814e-02, 4.957561279147276e+00, -1.279216342321483e-01, -3.160166109531413e-01, 6.249148673690603e-01, 5.050216724929202e-04, 0.000000000000000e+00, 3.745801109584463e-01, -3.704106847728164e-01, 4.118230121867741e+00, -4.074241156965718e+00, -9.893184781810898e-01, 2.220446049250313e-16
2.049991656155668e+00, 3.647052516795122e-01, 1.741940225414572e+00, 1.170619195081298e+00, 1.257110139140757e-01, 4.953578398661627e+00, -1.377060037305492e-01, -3.364724870149831e-01, 6.002718195198327e-01, 4.683889029363980e-04, 0.000000000000000e+00, 3.992597915772304e-01, -3.944909831500195e-01, 4.113417806614609e+00, -4.065895177281086e+00, -9.884469238069851e-01, 2.220446049250313e-16
2.079991656155668e+00, 3.777650156286436e-01, 1.647148249913738e+00, 1.175163884262273e+00, 1.776268471055087e-01, 4.949292600618470e+00, -1.481222944681814e-01, -3.581598225626893e-01, 5.750460792566374e-01, 4.331931391738043e-04, 0.000000000000000e+00, 4.245207276041883e-01, -4.190806376904906e-01, 4.108206828028764e+00, -4.056958920816816e+00, -9.875254802503365e-01, 2.220446049250313e-16
2.109991656155668e+00, 3.913550635829792e-01, 1.555224380757168e+00, 1.181299663419075e+00, 2.318293581390767e-01, 4.944684359187446e+00, -1.592088681881756e-01, -3.811750877699819e-01, 5.493259771585959e-01, 3.994476206152067e-04, 0.000000000000000e+00, 4.502745752207885e-01, -4.440867195267708e-01, 4.102566892181945e+00, -4.047400911815709e+00, -9.865533014290728e-01, 2.220446049250313e-16
2.139991656155667e+00, 4.055186912322337e-01, 1.465977577904829e+00, 1.189099390206602e+00, 2.886074070305676e-01, 4.939732952456261e+00, -1.710071650191902e-01, -4.056273741241023e-01, 5.232076259226610e-01, 3.671671747492056e-04, 0.000000000000000e+00, 4.764252069025894e-01, -4.694088215283901e-01, 4.096465398680427e+00, -4.037188481846989e+00, -9.855297406265087e-01, 2.220446049250313e-16
2.169991656155667e+00, 4.203041678984120e-01, 1.379229320994269e+00, 1.198645067688807e+00, 3.482827285228759e-01, 4.934416364082799e+00, -1.835621142807088e-01, -4.316406058393787e-01, 4.967940122815115e-01, 3.363669483034917e-04, 0.000000000000000e+00, 5.028696207701842e-01, -4.949400749080716e-01, 4.089867251037096e+00, -4.026287700338941e+00, -9.844543730161335e-01, 4.440892098500626e-16
2.199991656155667e+00, 4.357654102805352e-01, 1.294812705203527e+00, 1.210028916446135e+00, 4.112158230274963e-01, 4.928711171564387e+00, -1.969226180971283e-01, -4.593561975338221e-01, 4.701939130062570e-01, 3.070611748392778e-04, 0.000000000000000e+00, 5.294990258189028e-01, -5.205683443077805e-01, 4.082734649676431e+00, -4.014663287891431e+00, -9.833270178872892e-01, 4.440892098500626e-16
2.229991656155667e+00, 4.519627694025070e-01, 1.212571626910765e+00, 1.223354639503011e+00, 4.778129587913061e-01, 4.922592418724638e+00, -2.111421226853695e-01, -4.889362605395927e-01, 4.435206518627869e-01, 2.792620004861137e-04, 0.000000000000000e+00, 5.562000861367261e-01, -5.461775814512719e-01, 4.075026865347272e+00, -4.002278508281155e+00, -9.821477601326395e-01, 4.440892098500626e-16
2.259991656155667e+00, 4.689639537170014e-01, 1.132360050434612e+00, 1.238738917155078e+00, 5.485345447841384e-01, 4.916033469522562e+00, -2.262792956368103e-01, -5.205674870335266e-01, 4.168907204743532e-01, 2.529783902536092e-04, 0.000000000000000e+00, 5.828563011353921e-01, -5.716493110100372e-01, 4.066699990207205e+00, -3.989095034281474e+00, -9.809169704889450e-01, 5.551115123125783e-16
2.289991656155666e+00, 4.868451167690378e-01, 1.054041348173584e+00, 1.256313177542280e+00, 6.239052022292850e-01, 4.909005839675932e+00, -2.423988318894001e-01, -5.544658760088723e-01, 3.904222915782239e-01, 2.282151370673199e-04, 0.000000000000000e+00, 6.093494932847078e-01, -5.968642165396697e-01, 4.057706663181905e+00, -3.975072781475563e+00, -9.796353239488378e-01, 5.551115123125783e-16
2.319991656155666e+00, 5.056921447698538e-01, 9.774877073779964e-01, 1.276225699930841e+00, 7.045259519920631e-01, 4.901479001829888e+00, -2.595724166590883e-01, -5.908825106849303e-01, 3.642336578417291e-01, 2.049719943387790e-04, 0.000000000000000e+00, 6.355613701639312e-01, -6.217037895339828e-01, 4.047995765349599e+00, -3.960169703110175e+00, -9.783038156830088e-01, 4.440892098500626e-16
2.349991656155666e+00, 5.256021883446844e-01, 9.025795976028366e-01, 1.298644121862735e+00, 7.910890523855006e-01, 4.893420159050952e+00, -2.778798807467396e-01, -6.301106570266509e-01, 3.384416329444337e-01, 1.832429505229008e-04, 0.000000000000000e+00, 6.613751241050426e-01, -6.460520011078653e-01, 4.037512079998772e+00, -3.944341537669976e+00, -9.769237737292853e-01, 3.330669073875470e-16
2.379991656155666e+00, 5.466854942343148e-01, 8.292052936224243e-01, 1.323758439588179e+00, 8.843961773216199e-01, 4.884793980231665e+00, -2.974105928666980e-01, -6.724945328617766e-01, 3.131599538127928e-01, 1.630156608276672e-04, 0.000000000000000e+00, 6.866770305263789e-01, -6.697969537893121e-01, 4.026195910583350e+00, -3.927541499185820e+00, -9.754968676168476e-01, 3.330669073875470e-16
2.409991656155666e+00, 5.690676077213659e-01, 7.572604492533912e-01, 1.351784614853577e+00, 9.853808321077356e-01, 4.875562289479566e+00, -3.182651456525438e-01, -7.184402040123536e-01, 2.884977235570630e-01, 1.442710471659452e-04, 0.000000000000000e+00, 7.113580053957704e-01, -6.928324705280489e-01, 4.013982647958250e+00, -3.909719898240160e+00, -9.740251119991452e-01, 3.330669073875470e-16
2.439991656155665e+00, 5.928920362212818e-01, 6.866477181467412e-01, 1.382968932013398e+00, 1.095136183334164e+00, 4.865683699639105e+00, -3.405574077456532e-01, -7.684292083796133e-01, 2.645579337381146e-01, 1.269830727716222e-04, 0.000000000000000e+00, 7.353150831891129e-01, -7.150595793689757e-01, 4.000802275892870e+00, -3.890823679085025e+00, -9.725108642657677e-01, 4.440892098500626e-16
2.469991656155665e+00, 6.183234905017690e-01, 6.172764181876720e-01, 1.417593290121533e+00, 1.214949858493302e+00, 4.855113177625231e+00, -3.644170352026586e-01, -8.230357060869764e-01, 2.414361021072292e-01, 1.111186928736737e-04, 0.000000000000000e+00, 7.584527791998963e-01, -7.363878552465292e-01, 3.986578800762519e+00, -3.870795855087538e+00, -9.709568149881209e-01, 4.440892098500626e-16
2.499991656155665e+00, 6.455518547343283e-01, 5.490622366990827e-01, 1.455981668711986e+00, 1.346347791074912e+00, 4.843801526053699e+00, -3.899925632553882e-01, -8.829482254553327e-01, 2.192190580306080e-01, 9.663797768621199e-05, 0.000000000000000e+00, 7.806843039917050e-01, -7.567365848815603e-01, 3.971229587280970e+00, -3.849574820652412e+00, -9.693659699207033e-01, 4.440892098500626e-16
2.529991656155665e+00, 6.747970833994010e-01, 4.819269741984300e-01, 1.498508078466534e+00, 1.491149907665008e+00, 4.831694761488661e+00, -4.174552369070767e-01, -9.489974528894021e-01, 1.979839026328440e-01, 8.349439898889339e-05, 0.000000000000000e+00, 8.019326029681664e-01, -7.760357265614468e-01, 3.954664576852772e+00, -3.827093512546218e+00, -9.677416221205595e-01, 3.330669073875470e-16
2.559991656155665e+00, 7.063152868051131e-01, 4.157983250275037e-01, 1.545606406148329e+00, 1.651541463549032e+00, 4.818733364148930e+00, -4.470037898199396e-01, -1.022192047528743e+00, 1.777971645414459e-01, 7.163526698632843e-05, 0.000000000000000e+00, 8.221312001915676e-01, -7.942266433336092e-01, 3.936785358166494e+00, -3.803278386754194e+00, -9.660873125492219e-01, 1.110223024625157e-16
2.589991656155664e+00, 7.404063547017934e-01, 3.506096937846526e-01, 1.597782697587041e+00, 1.830165265335918e+00, 4.804851366635435e+00, -4.788704510832646e-01, -1.103765220950939e+00, 1.587141653100760e-01, 6.100230016405978e-05, 0.000000000000000e+00, 8.412248323897596e-01, -8.112625954600892e-01, 3.917484050427261e+00, -3.778048168058875e+00, -9.644067772648166e-01, 2.220446049250313e-16
2.619991656155664e+00, 7.774235896211243e-01, 2.863000471690700e-01, 1.655630608612952e+00, 2.030242075462426e+00, 4.789975239472242e+00, -5.133285570865312e-01, -1.195235918853007e+00, 1.407786014914993e-01, 5.153230767574183e-05, 0.000000000000000e+00, 8.591698662008252e-01, -8.271089854481449e-01, 3.896641947301802e+00, -3.751312317617252e+00, -9.627038789680991e-01, 0.000000000000000e+00
2.649991656155664e+00, 8.177859937969962e-01, 2.228138016365144e-01, 1.719851014730444e+00, 2.255729486892150e+00, 4.774022517992258e+00, -5.507022833615719e-01, -1.298490047438353e+00, 1.240223432753507e-01, 4.315796152171637e-05, 0.000000000000000e+00, 8.759344987631275e-01, -8.417433561571221e-01, 3.874127853022786e+00, -3.722969147742928e+00, -9.609825201917597e-01, 1.110223024625157e-16
2.679991656155664e+00, 8.619940996808879e-01, 1.601007482188128e-01, 1.791277140920541e+00, 2.511533978639651e+00, 4.756900096881117e+00, -5.913792079404869e-01, -1.415889574251530e+00, 1.084654429330201e-01, 3.580863447504967e-05, 0.000000000000000e+00, 8.914987484325049e-01, -8.551551489581840e-01, 3.849796019429339e+00, -3.692903491139855e+00, -9.592465347520566e-01, 0.000000000000000e+00
2.709991656155664e+00, 9.106505910788596e-01, 9.811601705027950e-02, 1.870907107000371e+00, 2.803797501024496e+00, 4.738502093337805e+00, -6.358267029828151e-01, -1.550420939774709e+00, 9.411634031319469e-02, 2.941127938004450e-05, 0.000000000000000e+00, 9.058542484074251e-01, -8.673452342788979e-01, 3.823483561434344e+00, -3.660983801421240e+00, -9.574995531163880e-01, 1.110223024625157e-16
2.731482425988153e+00, 9.486421891979823e-01, 5.413823187163702e-02, 1.933655551895516e+00, 3.039822885421895e+00, 4.724471486052089e+00, -6.702969025626455e-01, -1.659409189324019e+00, 8.457861918977623e-02, 2.537224021139505e-05, 0.000000000000000e+00, 9.153960085700126e-01, -8.753327166673668e-01, 3.803315670152036e+00, -3.636894604021041e+00, -9.562431623972084e-01, 0.000000000000000e+00
2.743434407217826e+00, 9.710356287510188e-01, 2.982833007501107e-02, 1.970829664921215e+00, 3.182156909465483e+00, 4.716340042163506e+00, -6.905198411469369e-01, -1.725291121828775e+00, 7.954042520624760e-02, 2.331059731798338e-05, 0.000000000000000e+00, 9.204362641964343e-01, -8.795087518959964e-01, 3.791591771919287e+00, -3.623029359185668e+00, -9.555431009261071e-01, 1.110223024625157e-16
2.750047848903849e+00, 9.838439664045245e-01, 1.642133727212647e-02, 1.992145902786621e+00, 3.264638223397876e+00, 4.711735323089507e+00, -7.020556565737801e-01, -1.763524660205611e+00, 7.683387611790621e-02, 2.222425315475421e-05, 0.000000000000000e+00, 9.231438996289389e-01, -8.817384738400467e-01, 3.784942063067831e+00, -3.615207855215297e+00, -9.551554013180962e-01, 1.110223024625157e-16
2.753697287987500e+00, 9.910444350891136e-01, 9.036491799765844e-03, 2.004144970987167e+00, 3.311348744397541e+00, 4.709161422196644e+00, -7.085309487163871e-01, -1.785195230131764e+00, 7.536502732569735e-02, 2.164100337196500e-05, 0.000000000000000e+00, 9.246133316709303e-01, -8.829443084997021e-01, 3.781221888025861e+00, -3.610845212075844e+00, -9.549413705422696e-01, 2.220446049250313e-16
2.755708122666747e+00, 9.950530858710399e-01, 4.971507750895166e-03, 2.010829753655268e+00, 3.337460076755391e+00, 4.707733066268474e+00, -7.121328449768103e-01, -1.797314944810053e+00, 7.456317599477900e-02, 2.132449752037278e-05, 0.000000000000000e+00, 9.254154995077006e-01, -8.836012788187518e-01, 3.779156463256458e+00, -3.608427077822730e+00, -9.548234144064487e-01, 0.000000000000000e+00
2.756815183746376e+00, 9.972726947433809e-01, 2.734763792285433e-03, 2.014532539295825e+00, 3.351950838296606e+00, 4.706943588959621e+00, -7.141263027779490e-01, -1.804042707907046e+00, 7.412398392713013e-02, 2.115171002305549e-05, 0.000000000000000e+00, 9.258548643628468e-01, -8.839607198545854e-01, 3.778014578317380e+00, -3.607091404898644e+00, -9.547584664178662e-01, 0.000000000000000e+00
2.757424400694496e+00, 9.984980078823065e-01, 1.504251491576847e-03, 2.016577043042059e+00, 3.359960331840325e+00, 4.706508196102019e+00, -7.152264884578798e-01, -1.807761903067590e+00, 7.388298176263197e-02, 2.105706659203661e-05, 0.000000000000000e+00, 9.260959611707763e-01, -8.841578390168959e-01, 3.777384747294576e+00, -3.606355052697250e+00, -9.547227232492481e-01, 0.000000000000000e+00
2.757759570855881e+00, 9.991733059243607e-01, 8.273780641832040e-04, 2.017703941542635e+00, 3.364377590578467e+00, 4.706268371944949e+00, -7.158327399743291e-01, -1.809813218091597e+00, 7.375059817191552e-02, 2.100513046101345e-05, 0.000000000000000e+00, 9.262283966976235e-01, -8.842660809549995e-01, 3.777037795921400e+00, -3.605949533668387e+00, -9.547030579260388e-01, 0.000000000000000e+00
2.757943944948818e+00, 9.995451370377272e-01, 4.550699567413830e-04, 2.018324469878132e+00, 3.366810735198907e+00, 4.706136360165202e+00, -7.161665267964029e-01, -1.810943188533379e+00, 7.367783792477971e-02, 2.097660118910082e-05, 0.000000000000000e+00, 9.263011854740314e-01, -8.843255614825565e-01, 3.776846807756287e+00, -3.605726339066704e+00, -9.546922400087386e-01, 0.000000000000000e+00
2.758045359927469e+00, 9.997497705179483e-01, 2.502921125173696e-04, 2.018665982825429e+00, 3.368150071406952e+00, 4.706063720838337e+00, -7.163502150990941e-01, -1.811565201712370e+00, 7.363783513878394e-02, 2.096092085508305e-05, 0.000000000000000e+00, 9.263412039403611e-01, -8.843582598758603e-01, 3.776741714337585e+00, -3.605603533859340e+00, -9.546862895525644e-01, 0.000000000000000e+00
2.758101140957060e+00, 9.998623571863133e-01, 1.376617618389364e-04, 2.018853882257719e+00, 3.368887041395026e+00, 4.706023759267249e+00, -7.164512756167635e-01, -1.811907469267630e+00, 7.361583825063404e-02, 2.095229992736237e-05, 0.000000000000000e+00, 9.263632094494388e-01, -8.843762391827167e-01, 3.776683897847007e+00, -3.605535976415610e+00, -9.546830166196952e-01, 0.000000000000000e+00
2.758131821367714e+00, 9.999242914304787e-01, 7.571430174291294e-05, 2.018957247314888e+00, 3.369292476299364e+00, 4.706001777395107e+00, -7.165068685704041e-01, -1.812095764941220e+00, 7.360374136713833e-02, 2.094755940195531e-05, 0.000000000000000e+00, 9.263753110734602e-01, -8.843861263465163e-01, 3.776652094205145e+00, -3.605498815410157e+00, -9.546812164515753e-01, -2.220446049250313e-16
2.758148695848999e+00, 9.999583587674555e-01, 4.164296660902345e-05, 2.019014104259368e+00, 3.369515496182055e+00, 4.705989686455363e+00, -7.165374476203694e-01, -1.812199342242674e+00, 7.359708850624611e-02, 2.094495241087909e-05, 0.000000000000000e+00, 9.263819665413434e-01, -8.843915638464589e-01, 3.776634600818880e+00, -3.605478375522534e+00, -9.546802263424600e-01, -2.220446049250313e-16
2.758157976890972e+00, 9.999770968624841e-01, 2.290366208157479e-05, 2.019045377443364e+00, 3.369638166401255e+00, 4.705983036163186e+00, -7.165542669829049e-01, -1.812256314200173e+00, 7.359342956133076e-02, 2.094351865589853e-05, 0.000000000000000e+00, 9.263856269200136e-01, -8.843945543382797e-01, 3.776624979037971e+00, -3.605467133180589e+00, -9.546796817774104e-01, 0.000000000000000e+00
2.758163081487430e+00, 9.999874031353281e-01, 1.259702335487667e-05, 2.019062578258620e+00, 3.369705637830377e+00, 4.705979378419202e+00, -7.165635179000456e-01, -1.812287650120529e+00, 7.359141718052196e-02, 2.094273011791745e-05, 0.000000000000000e+00, 9.263876400893605e-01, -8.843961990685035e-01, 3.776619686931880e+00, -3.605460949770379e+00, -9.546793822651094e-01, -2.220446049250313e-16
2.758165889022552e+00, 9.999930716823706e-01, 6.928365631209132e-06, 2.019072038877643e+00, 3.369742747966022e+00, 4.705977366634816e+00, -7.165686059854689e-01, -1.812304885283222e+00, 7.359031038284285e-02, 2.094229643027339e-05, 0.000000000000000e+00, 9.263887473207270e-01, -8.843971036579426e-01, 3.776616776235237e+00, -3.605457548857815e+00, -9.546792175328831e-01, 0.000000000000000e+00
2.758167433169008e+00, 9.999961894125806e-01, 3.810601939990832e-06, 2.019077242269724e+00, 3.369763158797647e+00, 4.705976260145782e+00, -7.165714044569536e-01, -1.812314364745673e+00, 7.358970164767852e-02, 2.094205790456343e-05, 0.000000000000000e+00, 9.263893562944174e-01, -8.843976011784481e-01, 3.776615175340499e+00, -3.605455678344728e+00, -9.546791269300192e-01, -2.220446049250313e-16
2.758168282450206e+00, 9.999979041730706e-01, 2.095831322046493e-06, 2.019080104150982e+00, 3.369774384832791e+00, 4.705975651574508e+00, -7.165729436236820e-01, -1.812319578487219e+00, 7.358936684441475e-02, 2.094192671617746e-05, 0.000000000000000e+00, 9.263896912288694e-01, -8.843978748136115e-01, 3.776614294844888e+00, -3.605454649559150e+00, -9.546790770984019e-01, 0.000000000000000e+00
2.758168749555060e+00, 9.999988472940246e-01, 1.152707304274969e-06, 2.019081678190398e+00, 3.369780559175639e+00, 4.705975316859609e+00, -7.165737901676247e-01, -1.812322446056323e+00, 7.358918270294537e-02, 2.094185456279342e-05, 0.000000000000000e+00, 9.263898754424922e-01, -8.843980253126141e-01, 3.776613810571242e+00, -3.605454083726058e+00, -9.546790496909997e-01, -2.220446049250313e-16
2.758169006462790e+00, 9.999993660113613e-01, 6.339890405993032e-07, 2.019082543913505e+00, 3.369783955071317e+00, 4.705975132766204e+00, -7.165742557674714e-01, -1.812324023222732e+00, 7.358908142523574e-02, 2.094181487850124e-05, 0.000000000000000e+00, 9.263899767598860e-01, -8.843981080869632e-01, 3.776613544220416e+00, -3.605453772517548e+00, -9.546790346169244e-01, 0.000000000000000e+00
2.758169147762059e+00, 9.999996513061422e-01, 3.486939794683508e-07, 2.019083020061647e+00, 3.369785822816095e+00, 4.705975031514767e+00, -7.165745118475922e-01, -1.812324890665289e+00, 7.358902572252525e-02, 2.094179305216142e-05, 0.000000000000000e+00, 9.263900324844229e-01, -8.843981536128247e-01, 3.776613397727364e+00, -3.605453601352774e+00, -9.546790263261822e-01, 0.000000000000000e+00
2.758169247762059e+00, 9.999998532144111e-01, 1.467856105552556e-07, 2.019083357040295e+00, 3.369787144653039e+00, 4.705974959857307e+00, -7.165746930801120e-01, -1.812325504570173e+00, 7.358898630074437e-02, 2.094177760528356e-05, 0.000000000000000e+00, 9.263900719216506e-01, -8.843981858322688e-01, 3.776613294051598e+00, -3.605453480216395e+00, -9.546790204586765e-01, 0.000000000000000e+00
2.758169320461179e+00, 1.000000000000000e+00, 0.000000000000000e+00, 2.019083602020904e+00, 3.369788105617340e+00, 4.705974907762950e+00, -7.165748248346040e-01, -1.812325950873849e+00, 7.358895764146325e-02, 2.094176637554397e-05, 0.000000000000000e+00, 9.263901005921604e-01, -8.843982092555144e-01, 3.776613218680209e+00, -3.605453392151295e+00, -9.546790161930513e-01, 4.440892098500626e-16
