0.000000000000000e+00, 9.999000099990002e-05, 1.000000000000000e+04, 1.074212944456320e+02, -1.003918450037518e+04, 1.000000000000000e-02, 0.000000000000000e+00, -9.998000299960005e-11, 2.600063287793981e-01, 7.399936712206018e-01, 0.000000000000000e+00, 1.444046347103024e-17, 2.466645570735340e-01, 1.666666666666667e-05, -1.666666666666667e-05, -1.000000000000000e+00, 1.110223024625157e-16
1.000000000000000e-07, 9.999107510618391e-05, 9.999892569042448e+03, 1.074202905371604e+02, -1.003898493373158e+04, 1.000000000000000e-02, -9.998000301063703e-18, -9.998000303271087e-11, 2.600083955934059e-01, 7.399916044065942e-01, 0.000000000000000e+00, 1.444104363259743e-17, 2.466638681355313e-01, 1.666666666666667e-05, -1.666666666666667e-05, -1.000000000000000e+00, 0.000000000000000e+00
3.253458085990714e-07, 9.999349556517324e-05, 9.999650485793101e+03, 1.074180283446518e+02, -1.003853524058345e+04, 1.000000000000000e-02, -3.252807495765058e-17, -9.998000335006760e-11, 2.600130530404023e-01, 7.399869469595975e-01, 0.000000000000000e+00, 1.444235106676481e-17, 2.466623156531992e-01, 1.666666666666667e-05, -1.666666666666667e-05, -1.000000000000000e+00, 1.110223024625157e-16
8.144532120955363e-07, 9.999874913667224e-05, 9.999125087897455e+03, 1.074131186614217e+02, -1.003755929738804e+04, 1.000000000000000e-02, -8.142903518458246e-17, -9.998000519575353e-11, 2.600231617605482e-01, 7.399768382394518e-01, 0.000000000000000e+00, 1.444518912663775e-17, 2.466589460798173e-01, 1.666666666666667e-05, -1.666666666666667e-05, -1.000000000000000e+00, 0.000000000000000e+00
1.829272240033935e-06, 1.000096495652281e-04, 9.998035136582310e+03, 1.074029333825394e+02, -1.003553482868685e+04, 1.000000000000000e-02, -1.828906508004926e-16, -9.998001407682894e-11, 2.600441350647898e-01, 7.399558649352100e-01, 0.000000000000000e+00, 1.445107898413678e-17, 2.466519549784034e-01, 1.666666666666667e-05, -1.666666666666667e-05, -1.000000000000000e+00, 1.110223024625157e-16
3.885189685503915e-06, 1.000317331694171e-04, 9.995827689732885e+03, 1.073823053659356e+02, -1.003143535224310e+04, 1.000000000000000e-02, -3.884413411145391e-16, -9.998005295535790e-11, 2.600866220574778e-01, 7.399133779425221e-01, 0.000000000000000e+00, 1.446301676792879e-17, 2.466377926475074e-01, 1.666666666666667e-05, -1.666666666666667e-05, -1.000000000000000e+00, 1.110223024625157e-16
8.069651644116963e-06, 1.000766824587220e-04, 9.991337629821650e+03, 1.073403466507467e+02, -1.002309937462922e+04, 1.000000000000000e-02, -8.068043751263876e-16, -9.998021839682793e-11, 2.601730856301709e-01, 7.398269143698292e-01, 0.000000000000000e+00, 1.448733700363110e-17, 2.466089714566097e-01, 1.666666666666667e-05, -1.666666666666667e-05, -1.000000000000000e+00, 0.000000000000000e+00
1.708377541872203e-05, 1.001735206662258e-04, 9.981677990643464e+03, 1.072500780035417e+02, -1.000517753316926e+04, 1.000000000000000e-02, -1.708041411749278e-15, -9.998096727738081e-11, 2.603592930638132e-01, 7.396407069361867e-01, 0.000000000000000e+00, 1.453983209689558e-17, 2.465469023120622e-01, 1.666666666666667e-05, -1.666666666666667e-05, -1.000000000000000e+00, 1.110223024625157e-16
3.612859712792799e-05, 1.003781581566374e-04, 9.961326649185248e+03, 1.070598905772799e+02, -9.967471173041355e+03, 1.000000000000000e-02, -3.612189119289240e-15, -9.998430520547796e-11, 2.607524765105682e-01, 7.392475234894317e-01, 0.000000000000000e+00, 1.465121374718859e-17, 2.464158411631439e-01, 1.666666666666667e-05, -1.666666666666667e-05, -1.000000000000000e+00, 1.110223024625157e-16
7.661636839951697e-05, 1.008133819078477e-04, 9.918318061505845e+03, 1.066579415430980e+02, -9.888018784985030e+03, 1.000000000000000e-02, -7.660597538679969e-15, -9.999925258804404e-11, 2.615873121050165e-01, 7.384126878949835e-01, 0.000000000000000e+00, 1.489013797535870e-17, 2.461375626316611e-01, 1.666666666666667e-05, -1.666666666666667e-05, -1.000000000000000e+00, 0.000000000000000e+00
1.638365426292049e-04, 1.017517915517881e-04, 9.826836785468638e+03, 1.058028625957348e+02, -9.720070215631640e+03, 9.999999999999998e-03, -1.638515762191177e-14, -1.000670776790241e-10, 2.633809464116004e-01, 7.366190535883992e-01, 0.000000000000000e+00, 1.541480526472517e-17, 2.455396845294665e-01, 1.666666666666666e-05, -1.666666666666666e-05, -9.999999999999996e-01, 2.220446049250313e-16
3.524688344238753e-04, 1.037852058266730e-04, 9.634284644230072e+03, 1.040025462031586e+02, -9.371236920105623e+03, 9.999999999999993e-03, -3.528661002372547e-14, -1.003738949061581e-10, 2.672377828832850e-01, 7.327622171167150e-01, 0.000000000000000e+00, 1.659708077997993e-17, 2.442540723722383e-01, 1.666666666666666e-05, -1.666666666666662e-05, -9.999999999999976e-01, 0.000000000000000e+00
6.017837150583717e-04, 1.064809539584468e-04, 9.390350873793264e+03, 1.017207537463918e+02, -8.938409111665100e+03, 9.999999999999981e-03, -6.039403721628653e-14, -1.010952815841519e-10, 2.722890534275333e-01, 7.277109465724667e-01, 0.000000000000000e+00, 1.826305710200197e-17, 2.425703155241556e-01, 1.666666666666666e-05, -1.666666666666655e-05, -9.999999999999934e-01, 0.000000000000000e+00
8.894771185250013e-04, 1.096032616686058e-04, 9.122816068755137e+03, 9.921672714164197e+01, -8.475386534385763e+03, 9.999999999999960e-03, -8.964735235869220e-14, -1.023397158880823e-10, 2.780532543870972e-01, 7.219467456129030e-01, 0.000000000000000e+00, 2.033882749119244e-17, 2.406489152043009e-01, 1.666666666666664e-05, -1.666666666666642e-05, -9.999999999999868e-01, 0.000000000000000e+00
1.207325164743333e-03, 1.130672699606175e-04, 8.843292431826738e+03, 9.659872496740304e+01, -8.004669800553965e+03, 9.999999999999927e-03, -1.224564308854803e-13, -1.041838051882781e-10, 2.843423578618674e-01, 7.156576421381324e-01, 0.000000000000000e+00, 2.283388312167475e-17, 2.385525473793775e-01, 1.666666666666662e-05, -1.666666666666623e-05, -9.999999999999765e-01, 1.110223024625157e-16
1.552849781573925e-03, 1.168500971202952e-04, 8.556973203655254e+03, 9.391505079339271e+01, -7.536340784977243e+03, 9.999999999999879e-03, -1.588742658377282e-13, -1.066980824783961e-10, 2.910863105618359e-01, 7.089136894381638e-01, 0.000000000000000e+00, 2.580099826490307e-17, 2.363045631460546e-01, 1.666666666666657e-05, -1.666666666666596e-05, -9.999999999999633e-01, 1.110223024625157e-16
1.925501649125938e-03, 1.209499875136129e-04, 8.266880142504770e+03, 9.119373067448049e+01, -7.076114492953968e+03, 9.999999999999813e-03, -1.992252066197120e-13, -1.099528151233369e-10, 2.982534399149373e-01, 7.017465600850625e-01, 0.000000000000000e+00, 2.931773667588718e-17, 2.339155200283542e-01, 1.666666666666649e-05, -1.666666666666559e-05, -9.999999999999457e-01, 1.110223024625157e-16
2.325569476243482e-03, 1.253746919431513e-04, 7.975091382568903e+03, 8.845398212818198e+01, -6.627693246947400e+03, 9.999999999999724e-03, -2.440085884956030e-13, -1.140210711465706e-10, 3.058275441193452e-01, 6.941724558806543e-01, 0.000000000000000e+00, 3.348372210738430e-17, 2.313908186268848e-01, 1.666666666666638e-05, -1.666666666666512e-05, -9.999999999999244e-01, 2.220446049250313e-16
2.754134377867341e-03, 1.301412049765475e-04, 7.682961433891813e+03, 8.570825433589215e+01, -6.193310646222204e+03, 9.999999999999610e-03, -2.939162389667572e-13, -1.189852368018475e-10, 3.138059195824816e-01, 6.861940804175183e-01, 0.000000000000000e+00, 3.842670066411266e-17, 2.287313601391728e-01, 1.666666666666622e-05, -1.666666666666452e-05, -9.999999999998980e-01, 1.110223024625157e-16
3.212400526964178e-03, 1.352685366170721e-04, 7.391702139085543e+03, 8.296767081797124e+01, -5.774729080096405e+03, 9.999999999999462e-03, -3.497819495550336e-13, -1.249345826877314e-10, 3.221860012519854e-01, 6.778139987480146e-01, 0.000000000000000e+00, 4.430212281459354e-17, 2.259379995826715e-01, 1.666666666666599e-05, -1.666666666666376e-05, -9.999999999998664e-01, 0.000000000000000e+00
3.701710504544607e-03, 1.407779779277389e-04, 7.102383744532105e+03, 8.024203842812240e+01, -5.373277169420456e+03, 9.999999999999277e-03, -4.126066245114444e-13, -1.319675974547247e-10, 3.309654247433552e-01, 6.690345752566451e-01, 0.000000000000000e+00, 5.129963675105702e-17, 2.230115250855482e-01, 1.666666666666569e-05, -1.666666666666282e-05, -9.999999999998280e-01, -2.220446049250313e-16
4.223714866073056e-03, 1.466951386579129e-04, 6.815858480443304e+03, 7.753912415233739e+01, -4.989787002245096e+03, 9.999999999999043e-03, -4.836105321378906e-13, -1.401971628729867e-10, 3.401447330612221e-01, 6.598552669387783e-01, 0.000000000000000e+00, 5.965384086502146e-17, 2.199517556462593e-01, 1.666666666666529e-05, -1.666666666666166e-05, -9.999999999997825e-01, -2.220446049250313e-16
4.780313018430170e-03, 1.530494621103036e-04, 6.532835442553169e+03, 7.486535485852218e+01, -4.624746041709476e+03, 9.999999999998751e-03, -5.642670033152019e-13, -1.497532796462083e-10, 3.497257999018669e-01, 6.502742000981334e-01, 0.000000000000000e+00, 6.965472627844461e-17, 2.167580666993776e-01, 1.666666666666477e-05, -1.666666666666024e-05, -9.999999999997282e-01, -2.220446049250313e-16
5.373483688023191e-03, 1.598724611772372e-04, 6.253985959660581e+03, 7.222681009102313e+01, -4.278464201975633e+03, 9.999999999998390e-03, -6.563253770211887e-13, -1.607834617005739e-10, 3.597085201163558e-01, 6.402914798836443e-01, 0.000000000000000e+00, 8.165808710186780e-17, 2.134304932945480e-01, 1.666666666666411e-05, -1.666666666665849e-05, -9.999999999996629e-01, 0.000000000000000e+00
6.004951222215838e-03, 1.671939723244813e-04, 5.980076865972492e+03, 6.963048882987171e+01, -3.951243444791015e+03, 9.999999999997943e-03, -7.618044671592883e-13, -1.734486089341743e-10, 3.700852278552959e-01, 6.299147721447046e-01, 0.000000000000000e+00, 9.609285434274524e-17, 2.099715907149013e-01, 1.666666666666327e-05, -1.666666666665635e-05, -9.999999999995849e-01, -2.220446049250313e-16
6.676806053136655e-03, 1.750494247349468e-04, 5.711672301061042e+03, 6.708149006933306e+01, -3.643025464762874e+03, 9.999999999997391e-03, -8.831461695657950e-13, -1.879374889932832e-10, 3.808510567249728e-01, 6.191489432750277e-01, 0.000000000000000e+00, 1.134918625684433e-16, 2.063829810916756e-01, 1.666666666666221e-05, -1.666666666665373e-05, -9.999999999994910e-01, -2.220446049250313e-16
7.383943985142278e-03, 1.833905491227846e-04, 5.451843697689539e+03, 6.460881977548182e+01, -3.356373038127261e+03, 9.999999999996718e-03, -1.021759997844637e-12, -2.042915199663727e-10, 3.918868478285589e-01, 6.081131521714421e-01, 0.000000000000000e+00, 1.342823818304369e-16, 2.027043840571469e-01, 1.666666666666090e-05, -1.666666666665055e-05, -9.999999999993794e-01, -4.440892098500626e-16
8.118469222894985e-03, 1.921341438804532e-04, 5.203696988278175e+03, 6.224206422104956e+01, -3.093370010255533e+03, 9.999999999995911e-03, -1.178416898263111e-12, -2.224610919248706e-10, 4.030405385613224e-01, 5.969594614386786e-01, 0.000000000000000e+00, 1.588143984980411e-16, 1.989864871462258e-01, 1.666666666665931e-05, -1.666666666664677e-05, -9.999999999992476e-01, -6.661338147750939e-16
8.880568526734899e-03, 2.012915162894539e-04, 4.966919256775910e+03, 5.997838776612197e+01, -2.852219110506905e+03, 9.999999999994947e-03, -1.355537802116955e-12, -2.425768014468553e-10, 4.142916765985655e-01, 5.857083234014360e-01, 0.000000000000000e+00, 1.877198147679046e-16, 1.952361078004781e-01, 1.666666666665738e-05, -1.666666666664227e-05, -9.999999999990932e-01, -8.881784197001252e-16
9.671391026849070e-03, 2.108861325542434e-04, 4.740895485910073e+03, 5.781207064395630e+01, -2.630951189255285e+03, 9.999999999993797e-03, -1.556072919784318e-12, -2.648100139051466e-10, 4.256338730783822e-01, 5.743661269216194e-01, 0.000000000000000e+00, 2.217725269114638e-16, 1.914553756405392e-01, 1.666666666665506e-05, -1.666666666663692e-05, -9.999999999989112e-01, -8.881784197001252e-16
1.049249667157383e-02, 2.209474248740792e-04, 4.524963588713075e+03, 5.573692405233418e+01, -2.427710164508709e+03, 9.999999999992426e-03, -1.783488307930388e-12, -2.893653408498148e-10, 4.370652871874209e-01, 5.629347128125808e-01, 0.000000000000000e+00, 2.619031023065084e-16, 1.876449042708596e-01, 1.666666666665228e-05, -1.666666666663056e-05, -9.999999999986967e-01, -8.881784197001252e-16
1.134635453221629e-02, 2.315173050144868e-04, 4.318331550345348e+03, 5.374547927673542e+01, -2.240676810134195e+03, 9.999999999990794e-03, -2.042033938837687e-12, -3.165024397268330e-10, 4.485944706518600e-01, 5.514055293481417e-01, 0.000000000000000e+00, 3.092657215358210e-16, 1.838018431160466e-01, 1.666666666664894e-05, -1.666666666662301e-05, -9.999999999984442e-01, -8.881784197001252e-16
1.223433118189777e-02, 2.426255437208022e-04, 4.120577574497825e+03, 5.183380456752663e+01, -2.068506659769873e+03, 9.999999999988853e-03, -2.336256061189432e-12, -3.464774644667078e-10, 4.602126575381128e-01, 5.397873424618892e-01, 0.000000000000000e+00, 3.651704435539375e-16, 1.799291141539623e-01, 1.666666666664496e-05, -1.666666666661406e-05, -9.999999999981458e-01, -1.110223024625157e-15
1.315840354654830e-02, 2.543109104586906e-04, 3.931194643935407e+03, 4.999713086661644e+01, -1.909883898303261e+03, 9.999999999986542e-03, -2.671576615153201e-12, -3.795980604863975e-10, 4.719175154902517e-01, 5.280824845097503e-01, 0.000000000000000e+00, 4.312097476995924e-16, 1.760274948365825e-01, 1.666666666664020e-05, -1.666666666660341e-05, -9.999999999977929e-01, -1.110223024625157e-15
1.411995315643915e-02, 2.666061800232168e-04, 3.749850786403066e+03, 4.823237147531747e+01, -1.763734040172559e+03, 9.999999999983793e-03, -3.053994224387381e-12, -4.161857844363143e-10, 4.836974646598904e-01, 5.163025353401118e-01, 0.000000000000000e+00, 5.092276099744372e-16, 1.721008451133696e-01, 1.666666666663451e-05, -1.666666666659077e-05, -9.999999999973758e-01, -1.332267629550188e-15
1.512104748089639e-02, 2.795544645452616e-04, 3.576120478568117e+03, 4.653552030487235e+01, -1.628986578259970e+03, 9.999999999980521e-03, -3.490675837107881e-12, -4.566261538794350e-10, 4.955479389763000e-01, 5.044520610237023e-01, 0.000000000000000e+00, 6.014679168173276e-16, 1.681506870078997e-01, 1.666666666662772e-05, -1.666666666657575e-05, -9.999999999968819e-01, -1.332267629550188e-15
1.616354934450933e-02, 2.931981035403342e-04, 3.409663261205008e+03, 4.490338641939591e+01, -1.504714622748838e+03, 9.999999999976627e-03, -3.989784138698791e-12, -5.013416413745392e-10, 5.074601086743935e-01, 4.925398913256091e-01, 0.000000000000000e+00, 7.105798265821643e-16, 1.641799637752017e-01, 1.666666666661962e-05, -1.666666666655789e-05, -9.999999999962967e-01, -1.554312234475219e-15
1.724920252258975e-02, 3.075797639240587e-04, 3.250189178514682e+03, 4.333326597099713e+01, -1.390093562935976e+03, 9.999999999971990e-03, -4.560643464121983e-12, -5.507979592937715e-10, 5.194223712296959e-01, 4.805776287703066e-01, 0.000000000000000e+00, 8.396947216578054e-16, 1.601925429234342e-01, 1.666666666660994e-05, -1.666666666653666e-05, -9.999999999956031e-01, -1.776356839400250e-15
1.838064132548324e-02, 3.227560848089687e-04, 3.097314941426667e+03, 4.182152459136746e+01, -1.284292677932353e+03, 9.999999999966466e-03, -5.214502768529567e-12, -6.055579912770224e-10, 5.314312568015340e-01, 4.685687431984687e-01, 0.000000000000000e+00, 9.926540187414169e-16, 1.561895810661547e-01, 1.666666666659839e-05, -1.666666666651139e-05, -9.999999999947796e-01, -1.776356839400250e-15
1.955817270614254e-02, 3.387545753371165e-04, 2.950989649157759e+03, 4.036781268959100e+01, -1.186761853968239e+03, 9.999999999959892e-03, -5.962866157354127e-12, -6.661308948473533e-10, 5.434575781074562e-01, 4.565424218925464e-01, 0.000000000000000e+00, 1.173677159177718e-15, 1.521808072975137e-01, 1.666666666658461e-05, -1.666666666648133e-05, -9.999999999938034e-01, -1.776356839400250e-15
2.078615665130360e-02, 3.556600830022234e-04, 2.810673414566876e+03, 3.896692234826414e+01, -1.096670025110615e+03, 9.999999999952051e-03, -6.821682074010749e-12, -7.333010350803740e-10, 5.555126039825981e-01, 4.444873960174045e-01, 0.000000000000000e+00, 1.388438949995170e-15, 1.481624653391328e-01, 1.666666666656815e-05, -1.666666666644552e-05, -9.999999999926422e-01, -1.998401444325282e-15
2.206536717424335e-02, 3.735113630345110e-04, 2.676294719699341e+03, 3.761829439675584e+01, -1.013541865366088e+03, 9.999999999942704e-03, -7.806850448519451e-12, -8.077465861832892e-10, 5.675697419152831e-01, 4.324302580847193e-01, 0.000000000000000e+00, 1.643078016136288e-15, 1.441434193615709e-01, 1.666666666654849e-05, -1.666666666640287e-05, -9.999999999912627e-01, -1.998401444325282e-15
2.339901219519161e-02, 3.923836187453784e-04, 2.547526371201316e+03, 3.631881273197487e+01, -9.367772025800598e+02, 9.999999999931550e-03, -8.938615316032703e-12, -8.903692510943376e-10, 5.796249891049308e-01, 4.203750108950714e-01, 0.000000000000000e+00, 1.945392333427743e-15, 1.401250036316879e-01, 1.666666666652499e-05, -1.666666666635201e-05, -9.999999999896212e-01, -1.998401444325282e-15
2.478898816813747e-02, 4.123369397924110e-04, 2.424201100108676e+03, 3.506696143093417e+01, -8.659116189823204e+02, 9.999999999918236e-03, -1.023928221542416e-11, -9.820964901023432e-10, 5.916607230364455e-01, 4.083392769635566e-01, 0.000000000000000e+00, 2.304395216861764e-15, 1.361130923211826e-01, 1.666666666649689e-05, -1.666666666629135e-05, -9.999999999876673e-01, -1.998401444325282e-15
2.623881169866360e-02, 4.334581724374589e-04, 2.306027675534908e+03, 3.385996164588744e+01, -8.004428513307284e+02, 9.999999999902323e-03, -1.173628682006191e-11, -1.084079429325006e-09, 6.036721431055815e-01, 3.963278568944202e-01, 0.000000000000000e+00, 2.731305109018367e-15, 1.321092856314701e-01, 1.666666666646326e-05, -1.666666666621889e-05, -9.999999999853378e-01, -2.220446049250313e-15
2.775102784178736e-02, 4.558242927341544e-04, 2.192827788338651e+03, 3.269617208398658e+01, -7.399655006948612e+02, 9.999999999883293e-03, -1.346051240017083e-11, -1.197543398892431e-09, 6.156444476477584e-01, 3.843555523522430e-01, 0.000000000000000e+00, 3.239290238382397e-15, 1.281185174507438e-01, 1.666666666642298e-05, -1.666666666613231e-05, -9.999999999825595e-01, -2.220446049250313e-15
2.932792070955283e-02, 4.795123403058059e-04, 2.084452064408304e+03, 3.157425194898346e+01, -6.841155764766348e+02, 9.999999999860527e-03, -1.544739960277281e-11, -1.323840670994289e-09, 6.275601038362251e-01, 3.724398961637755e-01, 0.000000000000000e+00, 3.843989439660206e-15, 1.241466320545874e-01, 1.666666666637472e-05, -1.666666666602879e-05, -9.999999999792439e-01, -2.220446049250313e-15
3.097250459307341e-02, 5.046145898800364e-04, 1.980710438134048e+03, 3.049244182901705e+01, -6.325324429758748e+02, 9.999999999833269e-03, -1.773898961591367e-11, -1.464548625217948e-09, 6.394064953230710e-01, 3.605935046769290e-01, 0.000000000000000e+00, 4.564402639253518e-15, 1.201978348923045e-01, 1.666666666631686e-05, -1.666666666590493e-05, -9.999999999752844e-01, -2.220446049250313e-15
3.268804890441875e-02, 5.312322837954824e-04, 1.881415716257537e+03, 2.944900592810160e+01, -5.848815927147250e+02, 9.999999999800606e-03, -2.038458037691985e-11, -1.621466136685817e-09, 6.511716971647890e-01, 3.488283028352103e-01, 0.000000000000000e+00, 5.423459363991714e-15, 1.162761009450641e-01, 1.666666666624742e-05, -1.666666666575662e-05, -9.999999999705516e-01, -2.220446049250313e-15
3.447905744535627e-02, 5.594918702320543e-04, 1.786336069039289e+03, 2.844172507677854e+01, -5.408313149871516e+02, 9.999999999761405e-03, -2.344382431098730e-11, -1.796745916880136e-09, 6.628505273228017e-01, 3.371494726771967e-01, 0.000000000000000e+00, 6.449476163837552e-15, 1.123831575590586e-01, 1.666666666616398e-05, -1.666666666557872e-05, -9.999999999648846e-01, -2.442490654175344e-15
3.634856823706677e-02, 5.895033648950685e-04, 1.695343158580613e+03, 2.746946249827046e+01, -5.001198961567855e+02, 9.999999999714324e-03, -2.698390377283190e-11, -1.992675506637317e-09, 6.744265258991043e-01, 3.255734741008927e-01, 0.000000000000000e+00, 7.675753216820227e-15, 1.085244913669560e-01, 1.666666666606362e-05, -1.666666666536520e-05, -9.999999999580949e-01, -2.220446049250313e-15
3.829861723146523e-02, 6.213663742295398e-04, 1.608356478679660e+03, 2.653160616261325e+01, -4.625226537660575e+02, 9.999999999657779e-03, -3.108080562073440e-11, -2.211714322207392e-09, 6.858772903396754e-01, 3.141227096603206e-01, 0.000000000000000e+00, 9.141493616602804e-15, 1.047075698867639e-01, 1.666666666594293e-05, -1.666666666510893e-05, -9.999999999499599e-01, -2.442490654175344e-15
4.033562452535352e-02, 6.552593715998014e-04, 1.525113235982451e+03, 2.562557629177670e+01, -4.277531748882879e+02, 9.999999999589712e-03, -3.583312719032198e-11, -2.457159371340436e-09, 6.972053832864369e-01, 3.027946167135575e-01, 0.000000000000000e+00, 1.089752689691757e-14, 1.009315389045077e-01, 1.666666666579746e-05, -1.666666666480062e-05, -9.999999999401898e-01, -2.664535259100376e-15
4.246183945743105e-02, 6.913005541672928e-04, 1.445548818703829e+03, 2.475092946837616e+01, -3.956261867429428e+02, 9.999999999507765e-03, -4.134652428061326e-11, -2.732234749220902e-09, 7.083882101653534e-01, 2.916117898346394e-01, 0.000000000000000e+00, 1.300168184393013e-14, 9.720392994486625e-02, 1.666666666562209e-05, -1.666666666442968e-05, -9.999999999284559e-01, -2.886579864025407e-15
4.468319002433484e-02, 7.296786780819533e-04, 1.369466247730601e+03, 2.390577437253889e+01, -3.659161111911305e+02, 9.999999999408930e-03, -4.775466317759965e-11, -3.041085325838989e-09, 7.194224172325768e-01, 2.805775827674131e-01, 0.000000000000000e+00, 1.552767487336580e-14, 9.352586092245502e-02, 1.666666666541030e-05, -1.666666666398257e-05, -9.999999999143361e-01, -2.664535259100376e-15
4.700381305558345e-02, 7.705624413076272e-04, 1.296753363508118e+03, 2.308914416744079e+01, -3.384455738586287e+02, 9.999999999289615e-03, -5.520967797953558e-11, -3.388176330502946e-09, 7.302940242154027e-01, 2.697059757845841e-01, 0.000000000000000e+00, 1.856302511891664e-14, 8.990199192817565e-02, 1.666666666515430e-05, -1.666666666344313e-05, -9.999999998973298e-01, -2.664535259100376e-15
4.942945247204000e-02, 8.141597932564248e-04, 1.227260113411230e+03, 2.229964358374704e+01, -3.130350869504454e+02, 9.999999999145352e-03, -6.389609611335359e-11, -3.778841349545676e-09, 7.409958232038067e-01, 2.590041767961769e-01, 0.000000000000000e+00, 2.221632441080297e-14, 8.633472559870292e-02, 1.666666666484438e-05, -1.666666666279130e-05, -9.999999998768146e-01, -2.886579864025407e-15
5.196565716602132e-02, 8.606882147013947e-04, 1.160860918877503e+03, 2.153614235366695e+01, -2.895262896457584e+02, 9.999999998970683e-03, -7.403133030345937e-11, -4.219143492402961e-09, 7.515183199968692e-01, 2.484816800031099e-01, 0.000000000000000e+00, 2.661979064716978e-14, 8.282722666767618e-02, 1.666666666446868e-05, -1.666666666200254e-05, -9.999999998520314e-01, -2.886579864025407e-15
5.461018723190640e-02, 9.102314853453494e-04, 1.097621632079220e+03, 2.079974570054818e+01, -2.678361763955633e+02, 9.999999998759584e-03, -8.583563004044684e-11, -4.714495014337041e-09, 7.618217196229676e-01, 2.381782803770064e-01, 0.000000000000000e+00, 3.191805411930168e-14, 7.939276012563640e-02, 1.666666666401406e-05, -1.666666666104984e-05, -9.999999998221470e-01, -2.886579864025407e-15
5.735509413071229e-02, 9.627647527388321e-04, 1.037675332842465e+03, 2.009246745231021e+01, -2.479059483957456e+02, 9.999999998505529e-03, -9.952858645698092e-11, -5.269609921854733e-09, 7.718528739520945e-01, 2.281471260478734e-01, 0.000000000000000e+00, 3.826683703726097e-14, 7.604904201591908e-02, 1.666666666346626e-05, -1.666666665990393e-05, -9.999999997862602e-01, -3.108624468950438e-15
6.020175396086459e-02, 1.018439210297511e-03, 9.808946382748512e+02, 1.941335156114395e+01, -2.295940230953091e+02, 9.999999998200030e-03, -1.154030679815626e-10, -5.891463588925884e-09, 7.816009967139870e-01, 2.183990032859734e-01, 0.000000000000000e+00, 4.586885864763410e-14, 7.279966776194483e-02, 1.666666666280677e-05, -1.666666665852677e-05, -9.999999997432002e-01, -3.108624468950438e-15
6.315222232168455e-02, 1.077426754552359e-03, 9.271373381297478e+02, 1.876126483946540e+01, -2.127644576570610e+02, 9.999999997832902e-03, -1.337998479678573e-10, -6.587975345326274e-09, 7.910597191913821e-01, 2.089402808085697e-01, 0.000000000000000e+00, 5.496674662153892e-14, 6.964676026946781e-02, 1.666666666201331e-05, -1.666666665687270e-05, -9.999999996915635e-01, -3.330669073875470e-15
6.620929114267499e-02, 1.139922928642442e-03, 8.762522903727539e+02, 1.813495324201474e+01, -1.972886855341056e+02, 9.999999997391890e-03, -1.551167669355099e-10, -7.368172198202651e-09, 8.002264188325738e-01, 1.997735811673673e-01, 0.000000000000000e+00, 6.585167825763405e-14, 6.659119372238946e-02, 1.666666666105910e-05, -1.666666665488683e-05, -9.999999996296637e-01, -3.552713678800501e-15
6.937746441458209e-02, 1.206169628203215e-03, 8.280707845874563e+02, 1.753291950545987e+01, -1.830426486967692e+02, 9.999999996862042e-03, -1.798275196218225e-10, -8.242648862641743e-09, 8.091040745962156e-01, 1.908959254037125e-01, 0.000000000000000e+00, 7.887821039982234e-14, 6.363197513449151e-02, 1.666666665991143e-05, -1.666666665250218e-05, -9.999999995554449e-01, -3.330669073875470e-15
7.265902783584842e-02, 1.276374714318623e-03, 7.824689835060211e+02, 1.695419791041519e+01, -1.699244792595701e+02, 9.999999996225821e-03, -2.084631391707124e-10, -9.222673470317473e-09, 8.176897726087066e-01, 1.823102273912058e-01, 0.000000000000000e+00, 9.446058621494144e-14, 6.077007579697372e-02, 1.666666665853188e-05, -1.666666664964026e-05, -9.999999994665028e-01, -3.330669073875470e-15
7.605667327388908e-02, 1.350765253749061e-03, 7.393210863060705e+02, 1.639778360350745e+01, -1.578391441614873e+02, 9.999999995462232e-03, -2.416396373642572e-10, -1.032095873201999e-08, 8.259829304737798e-01, 1.740170695261140e-01, 0.000000000000000e+00, 1.130936468820005e-13, 5.800568984192451e-02, 1.666666665687443e-05, -1.666666664620712e-05, -9.999999993599609e-01, -3.330669073875470e-15
7.957371886017729e-02, 1.429593973802333e-03, 6.984993112207031e+02, 1.586262504153014e+01, -1.466979765250064e+02, 9.999999994546054e-03, -2.800748858857043e-10, -1.155194349146448e-08, 8.339853634553824e-01, 1.660146365444890e-01, 0.000000000000000e+00, 1.353705052346466e-13, 5.533821218136058e-02, 1.666666665488378e-05, -1.666666664208992e-05, -9.999999992323682e-01, -3.330669073875470e-15
8.321464283726544e-02, 1.513153843422576e-03, 6.598713346278906e+02, 1.534758138808465e+01, -1.364175542696233e+02, 9.999999993446765e-03, -3.246139361234293e-10, -1.293226791491893e-08, 8.417018450831588e-01, 1.582981549166863e-01, 0.000000000000000e+00, 1.620074661650296e-13, 5.276605163873305e-02, 1.666666665249293e-05, -1.666666663715217e-05, -9.999999990795543e-01, -3.552713678800501e-15
8.698273382025710e-02, 1.601726057216798e-03, 6.233264854775646e+02, 1.485176900562245e+01, -1.269260697746484e+02, 9.999999992128191e-03, -3.762211269373102e-10, -1.448016505886158e-08, 8.491348043668183e-01, 1.508651956329950e-01, 0.000000000000000e+00, 1.938513630512516e-13, 5.028839854413746e-02, 1.666666664962245e-05, -1.666666663123216e-05, -9.999999988965825e-01, -3.552713678800501e-15
9.088221127805553e-02, 1.695629086180075e-03, 5.887516197087695e+02, 1.437424447916800e+01, -1.181561613904814e+02, 9.999999990546722e-03, -4.360260210288464e-10, -1.621649070072413e-08, 8.562889560947007e-01, 1.437110439050748e-01, 0.000000000000000e+00, 2.319211790303270e-13, 4.790368130145933e-02, 1.666666664617651e-05, -1.666666662413497e-05, -9.999999986775079e-01, -3.552713678800501e-15
9.491527425574617e-02, 1.795148410828333e-03, 5.560570065226925e+02, 1.391436291658427e+01, -1.100509443959049e+02, 9.999999988651144e-03, -5.053016602225461e-10, -1.816367676704445e-08, 8.631658361260905e-01, 1.368341638736396e-01, 0.000000000000000e+00, 2.774104481038248e-13, 4.561138795760211e-02, 1.666666664204248e-05, -1.666666661563181e-05, -9.999999984153596e-01, -3.774758283725532e-15
9.908623003516791e-02, 1.900636754837166e-03, 5.251394621854893e+02, 1.347126944648750e+01, -1.025541811719246e+02, 9.999999986379354e-03, -5.855548537683690e-10, -2.034786626755146e-08, 8.697713252169371e-01, 1.302286747827389e-01, 0.000000000000000e+00, 3.317645283453668e-13, 4.340955826058088e-02, 1.666666663708375e-05, -1.666666660544527e-05, -9.999999981016910e-01, -3.774758283725532e-15
1.034004419120459e-01, 2.012493723727843e-03, 4.958959595797644e+02, 1.304407627031778e+01, -9.561353180876849e+01, 9.999999983656336e-03, -6.785553348874663e-10, -2.279905473043936e-08, 8.761128719052272e-01, 1.238871280943839e-01, 0.000000000000000e+00, 3.967264525515292e-13, 4.129570936439759e-02, 1.666666663113521e-05, -1.666666659324036e-05, -9.999999977263088e-01, -3.996802888650564e-15
1.078610200975213e-01, 2.131081161027494e-03, 4.682453850597850e+02, 1.263218353480492e+01, -8.918525309787806e+01, 9.999999980393838e-03, -7.863030223318482e-10, -2.554962087568595e-08, 8.821946320796870e-01, 1.178053679198467e-01, 0.000000000000000e+00, 4.743423210460662e-13, 3.926845597280759e-02, 1.666666662400249e-05, -1.666666657862310e-05, -9.999999972772365e-01, -3.996802888650564e-15
1.124712895888308e-01, 2.256784670158780e-03, 4.421082917315472e+02, 1.223499483245774e+01, -8.322885479036628e+01, 9.999999976486538e-03, -9.111104194042372e-10, -2.863590780846236e-08, 8.880216440408403e-01, 1.119783559586009e-01, 0.000000000000000e+00, 5.670500772501320e-13, 3.732611865229962e-02, 1.666666661545351e-05, -1.666666656112341e-05, -9.999999967401938e-01, -3.996802888650564e-15
1.172355340446951e-01, 2.390036143080694e-03, 4.174037144773158e+02, 1.185186488821553e+01, -7.770614415672880e+01, 9.999999971807965e-03, -1.055675574724168e-09, -3.209927893643960e-08, 8.936004985952698e-01, 1.063995014040607e-01, 0.000000000000000e+00, 6.777730582102960e-13, 3.546650046734216e-02, 1.666666660520949e-05, -1.666666654017694e-05, -9.999999960980471e-01, -3.996802888650564e-15
1.221598299029294e-01, 2.531342297337383e-03, 3.940473237269649e+02, 1.148206224620592e+01, -7.258065486648954e+01, 9.999999966204933e-03, -1.223183411432683e-09, -3.598760190915141e-08, 8.989397500985038e-01, 1.010602499006945e-01, 0.000000000000000e+00, 8.100479100814221e-13, 3.368674996608784e-02, 1.666666659293262e-05, -1.666666651510027e-05, -9.999999953300588e-01, -4.218847493575595e-15
1.272479257233130e-01, 2.681169608037465e-03, 3.719715557726204e+02, 1.112508664432297e+01, -6.782181947756119e+01, 9.999999959496977e-03, -1.417243288415471e-09, -4.035279562006017e-08, 9.040452377134287e-01, 9.595476228561146e-02, 0.000000000000000e+00, 9.680337945001880e-13, 3.198492076090219e-02, 1.666666657822474e-05, -1.666666648508844e-05, -9.999999944118220e-01, -3.996802888650564e-15
1.325046260576295e-01, 2.840040216663129e-03, 3.511076899308623e+02, 1.078039285079779e+01, -6.340071652763446e+01, 9.999999951467319e-03, -1.642069000405720e-09, -4.525398610620222e-08, 9.089240397140559e-01, 9.107596028479564e-02, 0.000000000000000e+00, 1.156720818546655e-12, 3.035865342710824e-02, 1.666666656060740e-05, -1.666666644917473e-05, -9.999999933140393e-01, -3.996802888650564e-15
1.379337058123032e-01, 3.008471608181411e-03, 3.313946941299171e+02, 1.044753459711018e+01, -5.929177503802534e+01, 9.999999941859000e-03, -1.902485191727931e-09, -5.075645392397328e-08, 9.135823517881494e-01, 8.641764821047691e-02, 0.000000000000000e+00, 1.382015598641028e-12, 2.880588273544338e-02, 1.666666653951323e-05, -1.666666640621343e-05, -9.999999920020123e-01, -4.218847493575595e-15
1.435405644980947e-01, 3.187059171902515e-03, 3.127688841224276e+02, 1.012599336036438e+01, -5.547040891544120e+01, 9.999999930362526e-03, -2.204148935426775e-09, -5.693506597397602e-08, 9.180278391548337e-01, 8.197216084352378e-02, 0.000000000000000e+00, 1.651025278332170e-12, 2.732405361285667e-02, 1.666666651425865e-05, -1.666666635482486e-05, -9.999999904339727e-01, -4.218847493575595e-15
1.493301679247376e-01, 3.376416027399211e-03, 2.951720332699288e+02, 9.815313118657381e+00, -5.191456662641875e+01, 9.999999916609211e-03, -2.553584344790695e-09, -6.387339111206780e-08, 9.222676691962728e-01, 7.773233080176373e-02, 0.000000000000000e+00, 1.972206264409998e-12, 2.591077693194882e-02, 1.666666648402905e-05, -1.666666629336569e-05, -9.999999885601979e-01, -4.218847493575595e-15
1.553078255809102e-01, 3.577199001650182e-03, 2.785483280462436e+02, 9.515050507536539e+00, -4.860393695360867e+01, 9.999999900158152e-03, -2.958360499974866e-09, -7.166562654293528e-08, 9.263091584702257e-01, 7.369084152742746e-02, 0.000000000000000e+00, 2.355660771677911e-12, 2.456361384011994e-02, 1.666666644784998e-05, -1.666666621987104e-05, -9.999999863212633e-01, -4.218847493575595e-15
1.614800986508741e-01, 3.790143346284492e-03, 2.628422636390014e+02, 9.224735568640222e+00, -4.551940676500736e+01, 9.999999880478810e-03, -3.427335466595589e-09, -8.041933736816896e-08, 9.301602315362276e-01, 6.983976846096747e-02, 0.000000000000000e+00, 2.813533966571565e-12, 2.327992281750875e-02, 1.666666640454854e-05, -1.666666613197687e-05, -9.999999836456999e-01, -4.218847493575595e-15
1.678513419547918e-01, 4.015946028370316e-03, 2.480073305108145e+02, 8.944033704280598e+00, -4.264463932614790e+01, 9.999999856945083e-03, -3.970588418328169e-09, -9.025206944196216e-08, 9.338272285169914e-01, 6.617277147965726e-02, 0.000000000000000e+00, 3.360141931747191e-12, 2.205759048985875e-02, 1.666666635274008e-05, -1.666666602689381e-05, -9.999999804492234e-01, -4.440892098500626e-15
1.744275709524015e-01, 4.255399506381061e-03, 2.339955623439066e+02, 8.672556108217984e+00, -3.996389509799980e+01, 9.999999828804094e-03, -4.599914533934764e-09, -1.012982127118803e-07, 9.373174003897896e-01, 6.268259960620660e-02, 0.000000000000000e+00, 4.012686040043707e-12, 2.089419986472267e-02, 1.666666629075922e-05, -1.666666590126808e-05, -9.999999766305306e-01, -4.440892098500626e-15
1.812145238236663e-01, 4.509328002976559e-03, 2.207625329849394e+02, 8.409952411456631e+00, -3.746291961454681e+01, 9.999999795158402e-03, -5.328937416719911e-09, -1.137081660625384e-07, 9.406376364794526e-01, 5.936236351576470e-02, 0.000000000000000e+00, 4.791652496042319e-12, 1.978745450046307e-02, 1.666666621662027e-05, -1.666666575110243e-05, -9.999999720689287e-01, -4.440892098500626e-15
1.882173247756779e-01, 4.778574803111735e-03, 2.082674157468070e+02, 8.155915866405962e+00, -3.512885125711060e+01, 9.999999754941310e-03, -6.173334486770366e-09, -1.276493725149199e-07, 9.437943904656335e-01, 5.620560952865390e-02, 0.000000000000000e+00, 5.721370059558498e-12, 1.873520317049643e-02, 1.666666612796240e-05, -1.666666557164636e-05, -9.999999666210365e-01, -4.440892098500626e-15
1.954437116131885e-01, 5.064130053792643e-03, 1.964672825100685e+02, 7.910067801509559e+00, -3.294908024711341e+01, 9.999999706863993e-03, -7.151577499586567e-09, -1.433151986807049e-07, 9.467950792407415e-01, 5.320492075243591e-02, 0.000000000000000e+00, 6.831216058951244e-12, 1.773497357731394e-02, 1.666666602193268e-05, -1.666666535716064e-05, -9.999999601136761e-01, -4.218847493575595e-15
2.028996062769150e-01, 5.366964667343076e-03, 1.853250574546919e+02, 7.672119872766094e+00, -3.091266472292878e+01, 9.999999649399490e-03, -8.284812071937144e-09, -1.609189446278012e-07, 9.496460340678622e-01, 5.035396592399097e-02, 0.000000000000000e+00, 8.155966667598040e-12, 1.678465529984087e-02, 1.666666589515018e-05, -1.666666510084646e-05, -9.999999523417746e-01, -4.440892098500626e-15
2.105895549731493e-01, 5.688041114579891e-03, 1.748074493232383e+02, 7.441839419327248e+00, -2.900985654348896e+01, 9.999999580740954e-03, -9.597228734182107e-09, -1.806960334262112e-07, 9.523529660421863e-01, 4.764703394808574e-02, 0.000000000000000e+00, 9.736740383849273e-12, 1.588234463962503e-02, 1.666666574361335e-05, -1.666666479465974e-05, -9.999999430627801e-01, -4.440892098500626e-15
2.185217899716431e-01, 6.028527591809591e-03, 1.648779834330705e+02, 7.218897678130843e+00, -2.723078617115110e+01, 9.999999498700677e-03, -1.111743692103687e-08, -2.029201518812233e-07, 9.549227269324495e-01, 4.507727305593607e-02, 0.000000000000000e+00, 1.162330019792228e-11, 1.502575767368859e-02, 1.666666556247647e-05, -1.666666442886146e-05, -9.999999319830950e-01, -4.440892098500626e-15
2.267031518814156e-01, 6.389595031375478e-03, 1.555044412188250e+02, 7.003030380152375e+00, -2.556676832115269e+01, 9.999999400681057e-03, -1.287830290986765e-08, -2.278949291362169e-07, 9.573613716206922e-01, 4.263862836544210e-02, 0.000000000000000e+00, 1.387469234266646e-11, 1.421287610793921e-02, 1.666666534598475e-05, -1.666666399188908e-05, -9.999999187542532e-01, -4.440892098500626e-15
2.351419506524054e-01, 6.772542977246665e-03, 1.466550246133017e+02, 6.793954367201056e+00, -2.400956225008634e+01, 9.999999283563044e-03, -1.491820927727483e-08, -2.559660847851536e-07, 9.596751163032995e-01, 4.032488368014764e-02, 0.000000000000000e+00, 1.656177944236883e-11, 1.344162787682065e-02, 1.666666508722710e-05, -1.666666346986003e-05, -9.999999029579665e-01, -4.440892098500626e-15
2.438446295465983e-01, 7.178653913008627e-03, 1.383018819569883e+02, 6.591451593146664e+00, -2.255195180952987e+01, 9.999999143651966e-03, -1.728111286418026e-08, -2.875154380573993e-07, 9.618693904955313e-01, 3.813060948470923e-02, 0.000000000000000e+00, 1.976844910264222e-11, 1.271020314180118e-02, 1.666666477801544e-05, -1.666666284633125e-05, -9.999998840989353e-01, -4.440892098500626e-15
2.528186011282421e-01, 7.609321967212481e-03, 1.304177536853956e+02, 6.395293262474972e+00, -2.118711285831855e+01, 9.999998976528928e-03, -2.001808834297837e-08, -3.229746577312698e-07, 9.639496849426908e-01, 3.605031503372323e-02, 0.000000000000000e+00, 2.359498377972621e-11, 1.201677165431266e-02, 1.666666440855526e-05, -1.666666210163795e-05, -9.999998615849429e-01, -4.440892098500626e-15
2.620712318241225e-01, 8.066011396058111e-03, 1.229770130362949e+02, 6.205265236534113e+00, -1.990876469812601e+01, 9.999998776927425e-03, -2.318817573450016e-08, -3.628277572717557e-07, 9.659212581841030e-01, 3.407874178774530e-02, 0.000000000000000e+00, 2.816084242997057e-11, 1.135958056775416e-02, 1.666666396717157e-05, -1.666666121234509e-05, -9.999998347103843e-01, -4.440892098500626e-15
2.716111143069915e-01, 8.550324816638364e-03, 1.159546211921758e+02, 6.021142306299078e+00, -1.871096149144144e+01, 9.999998538539764e-03, -2.686010676793630e-08, -4.076233874314414e-07, 9.677893933648648e-01, 3.221060660153535e-02, 0.000000000000000e+00, 3.360904011130081e-11, 1.073686883356932e-02, 1.666666343987949e-05, -1.666666015038632e-05, -9.999998026303720e-01, -4.440892098500626e-15
2.814483225013798e-01, 9.064028876028205e-03, 1.093262151607568e+02, 5.842689210258613e+00, -1.758808493082050e+01, 9.999998253793569e-03, -3.111412511654477e-08, -4.579857249821687e-07, 9.695593597670322e-01, 3.044064019286586e-02, 0.000000000000000e+00, 4.011119852391741e-11, 1.014688002417734e-02, 1.666666280988814e-05, -1.666665888207000e-05, -9.999997643308568e-01, -4.662936703425657e-15
2.915880074474098e-01, 9.608720381790671e-03, 1.030721303426712e+02, 5.669772279029465e+00, -1.653549814157287e+01, 9.999997913813674e-03, -3.604078514687197e-08, -5.145887920616282e-07, 9.712353183965697e-01, 2.876468155557105e-02, 0.000000000000000e+00, 4.786835551706686e-11, 9.588227137321919e-03, 1.666666205751470e-05, -1.666665736791124e-05, -9.999997186237145e-01, -4.440892098500626e-15
3.020406412157292e-01, 1.018636641396635e-02, 9.717043284727291e+01, 5.502173124890023e+00, -1.554834416571251e+01, 9.999997507847573e-03, -4.174733887555624e-08, -5.782181766114219e-07, 9.728221671187566e-01, 2.717783282412866e-02, 0.000000000000000e+00, 5.712401070059178e-11, 9.059277550918812e-03, 1.666666115891098e-05, -1.666665556007491e-05, -9.999996640697251e-01, -4.662936703425657e-15
3.128159658409103e-01, 1.079900073750616e-02, 9.160116045060413e+01, 5.339702405716907e+00, -1.462224771014116e+01, 9.999997023084345e-03, -4.835766118005422e-08, -6.497527826474372e-07, 9.743243961510967e-01, 2.567560378074422e-02, 0.000000000000000e+00, 6.816816647720708e-11, 8.558534525413190e-03, 1.666666008566012e-05, -1.666665340157180e-05, -9.999995989545426e-01, -4.440892098500626e-15
3.239235744228092e-01, 1.144875719463625e-02, 8.634572521710049e+01, 5.182186196855579e+00, -1.375319499194640e+01, 9.999996444245466e-03, -5.601506941356907e-08, -7.301789078884264e-07, 9.757462331256782e-01, 2.425376679298421e-02, 0.000000000000000e+00, 8.134656301221567e-11, 8.084588849648140e-03, 1.666665880386814e-05, -1.666665082443918e-05, -9.999995212340368e-01, -4.440892098500626e-15
3.353732471393989e-01, 1.213789372518195e-02, 8.138661687450308e+01, 5.029459294626885e+00, -1.293746826022247e+01, 9.999995753096938e-03, -6.488555959368495e-08, -8.206054535773568e-07, 9.770917106976600e-01, 2.290828920527716e-02, 0.000000000000000e+00, 9.707168559714749e-11, 7.636096304687357e-03, 1.666665727308065e-05, -1.666664774757162e-05, -9.999994284691363e-01, -4.440892098500626e-15
3.471715623765378e-01, 1.286858599405619e-02, 7.670861541912105e+01, 4.881405752633873e+00, -1.217182980345900e+01, 9.999994928135445e-03, -7.515824150501954e-08, -9.222484700799609e-07, 9.783643254187424e-01, 2.163567446543681e-02, 0.000000000000000e+00, 1.158297977676660e-10, 7.211891372649154e-03, 1.666665544558462e-05, -1.666664407532692e-05, -9.999993177840790e-01, -4.440892098500626e-15
3.593303948474361e-01, 1.364345260690860e-02, 7.229523023326459e+01, 4.737848727417932e+00, -1.145292602270134e+01, 9.999993943373243e-03, -8.705632228240769e-08, -1.036517491487316e-06, 9.795679960941774e-01, 2.043200376762290e-02, 0.000000000000000e+00, 1.382084489700130e-10, 6.810667784332571e-03, 1.666665326371307e-05, -1.666663969212077e-05, -9.999991857038072e-01, -4.440892098500626e-15
3.718626527332083e-01, 1.446532477019577e-02, 6.813083638885116e+01, 4.598614570501242e+00, -1.077763050272390e+01, 9.999992767674194e-03, -1.008396867653314e-07, -1.165008988052223e-06, 9.807064778528307e-01, 1.929352198226681e-02, 0.000000000000000e+00, 1.649114035123060e-10, 6.431173829177638e-03, 1.666665065836933e-05, -1.666663445947607e-05, -9.999990280654706e-01, -4.440892098500626e-15
3.847755428722283e-01, 1.533680177996830e-02, 6.420264226835872e+01, 4.463602500682124e+00, -1.014335093600143e+01, 9.999991364487070e-03, -1.168023804883808e-07, -1.309454061889599e-06, 9.817828143264079e-01, 1.821718547683646e-02, 0.000000000000000e+00, 1.967645407156964e-10, 6.072394962181122e-03, 1.666664754843144e-05, -1.666662821484056e-05, -9.999988399832167e-01, -4.440892098500626e-15
3.980845718195365e-01, 1.626118789112288e-02, 6.049612234330731e+01, 4.332631883544025e+00, -9.547280677992045e+00, 9.999989689297748e-03, -1.352951751574418e-07, -1.471891210730260e-06, 9.828005800300081e-01, 1.719941973522717e-02, 0.000000000000000e+00, 2.347735180629780e-10, 5.733139676969148e-03, 1.666664383510032e-05, -1.666662076025344e-05, -9.999986155072904e-01, -4.440892098500626e-15
4.117995897994705e-01, 1.724156984623476e-02, 5.699935904434950e+01, 4.205591165258888e+00, -8.987093182742237e+00, 9.999987689687840e-03, -1.567165095208109e-07, -1.654542512336251e-06, 9.837626853672106e-01, 1.623731435267627e-02, 0.000000000000000e+00, 2.801222122231597e-10, 5.412437837436958e-03, 1.666663940202313e-05, -1.666661186261298e-05, -9.999983476326880e-01, -4.440892098500626e-15
4.259322971551363e-01, 1.828132650827683e-02, 5.370062577500885e+01, 4.082356928132135e+00, -8.460544211277000e+00, 9.999985302937536e-03, -1.815298618740590e-07, -1.859924698593713e-06, 9.846720326694555e-01, 1.532796699632664e-02, 0.000000000000000e+00, 3.342268727663851e-10, 5.109321997882620e-03, 1.666663410997267e-05, -1.666660124301624e-05, -9.999980279787622e-01, -4.440892098500626e-15
4.404916224822156e-01, 1.938380010633098e-02, 5.058947133763457e+01, 3.962834857326337e+00, -7.965639393271196e+00, 9.999982454878013e-03, -2.102654572037452e-07, -2.090815907166022e-06, 9.855312127175895e-01, 1.446878688365758e-02, 0.000000000000000e+00, 3.987618782240439e-10, 4.822928562458210e-03, 1.666662779429540e-05, -1.666658857166063e-05, -9.999976466364250e-01, -4.440892098500626e-15
4.554952764440501e-01, 2.055318598805057e-02, 4.765425732932065e+01, 3.846865730356412e+00, -7.500237333911491e+00, 9.999979055266740e-03, -2.435549168834851e-07, -2.350479568400197e-06, 9.863431805413750e-01, 1.365681898286981e-02, 0.000000000000000e+00, 4.757642318339571e-10, 4.552272518526999e-03, 1.666662025464746e-05, -1.666657344727703e-05, -9.999971915499529e-01, -4.440892098500626e-15
4.709553910976116e-01, 2.179347145104005e-02, 4.488530112086742e+01, 3.734346050046902e+00, -7.062545237539092e+00, 9.999974997600991e-03, -2.821179630516195e-07, -2.642489901910421e-06, 9.871103838409329e-01, 1.288961559143874e-02, 0.000000000000000e+00, 5.676374144042178e-10, 4.296537962844030e-03, 1.666661125457039e-05, -1.666655539631126e-05, -9.999966484933089e-01, -4.440892098500626e-15
4.868819204207053e-01, 2.310866598647261e-02, 4.227380908034163e+01, 3.625191669805390e+00, -6.650943262974986e+00, 9.999970155724493e-03, -3.267800279927518e-07, -2.970808028912562e-06, 9.878350524581729e-01, 1.216494686460818e-02, 0.000000000000000e+00, 6.772278814845537e-10, 4.054981610977518e-03, 1.666660051395490e-05, -1.666653385783861e-05, -9.999960006171487e-01, -4.440892098500626e-15
5.032920560405472e-01, 2.450359485494837e-02, 3.981033847970497e+01, 3.519273979810372e+00, -6.263738553000603e+00, 9.999964377001964e-03, -3.785167149987167e-07, -3.340032167138009e-06, 9.885196221825384e-01, 1.148037700949142e-02, 0.000000000000000e+00, 8.079791262203458e-10, 3.826791528521836e-03, 1.666658769388810e-05, -1.666650815321467e-05, -9.999952275369804e-01, -4.440892098500626e-15
5.201953905703710e-01, 2.598268080957865e-02, 3.748717564322096e+01, 3.416520590155963e+00, -5.899536573973462e+00, 9.999957482309538e-03, -4.384316276917356e-07, -3.755146950075486e-06, 9.891660718460098e-01, 1.083392719006826e-02, 0.000000000000000e+00, 9.639313934399532e-10, 3.611308099430148e-03, 1.666657239661798e-05, -1.666647748604819e-05, -9.999943053336023e-01, -4.662936703425657e-15
5.376090219538520e-01, 2.755123779752956e-02, 3.529600990521258e+01, 3.316816811048261e+00, -5.556872246968461e+00, 9.999949255202287e-03, -5.078272460012910e-07, -4.221928629580034e-06, 9.897765668810615e-01, 1.022343196898134e-02, 0.000000000000000e+00, 1.149966200879274e-09, 3.407809506368694e-03, 1.666655414150544e-05, -1.666644089403483e-05, -9.999932051058875e-01, -4.440892098500626e-15
5.555508675980475e-01, 2.921495010587997e-02, 3.322905041342974e+01, 3.220052925348329e+00, -5.234383251579877e+00, 9.999939436754098e-03, -5.882171622164160e-07, -4.746900617483978e-06, 9.903531470658606e-01, 9.646851562226605e-03, 0.000000000000000e+00, 1.371922339156292e-09, 3.215615815497622e-03, 1.666653235355544e-05, -1.666639722602784e-05, -9.999918922830057e-01, -4.662936703425657e-15
5.740354376174441e-01, 3.097948768326590e-02, 3.127942341151649e+01, 3.126145017703839e+00, -4.930869127996693e+00, 9.999927719968294e-03, -6.813384431272713e-07, -5.337291643253649e-06, 9.908976131724433e-01, 9.102385190844522e-03, 0.000000000000000e+00, 1.636721525116684e-09, 3.034126760242455e-03, 1.666650635099474e-05, -1.666634511720202e-05, -9.999903258793825e-01, -4.662936703425657e-15
5.930764650456318e-01, 3.285073414577426e-02, 2.944072000225403e+01, 3.035016653341789e+00, -4.645218049752300e+00, 9.999913739798973e-03, -7.891941704549030e-07, -6.001179349577160e-06, 9.914116507605252e-01, 8.588347286891000e-03, 0.000000000000000e+00, 1.952593170428614e-09, 2.862780476393008e-03, 1.666647532310668e-05, -1.666628294470009e-05, -9.999884571630857e-01, -4.662936703425657e-15
6.126899074589716e-01, 3.483509541687385e-02, 2.770668181134385e+01, 2.946584195218294e+00, -4.376356107360212e+00, 9.999897059880705e-03, -9.141118823419815e-07, -6.747698560512184e-06, 9.918969164013096e-01, 8.103081269326280e-03, 0.000000000000000e+00, 2.329373324178270e-09, 2.701024760434158e-03, 1.666643830075572e-05, -1.666620876864787e-05, -9.999862278848239e-01, -4.440892098500626e-15
6.328957142266690e-01, 3.693973178742721e-02, 2.607112238265789e+01, 2.860752028430990e+00, -4.123233765289890e+00, 9.999877156176602e-03, -1.058812684564292e-06, -7.587269149303395e-06, 9.923550584930033e-01, 7.644938728132693e-03, 0.000000000000000e+00, 2.778872967893004e-09, 2.548310130550235e-03, 1.666639412006584e-05, -1.666612025947504e-05, -9.999835680958445e-01, -4.440892098500626e-15
6.537071623840293e-01, 3.917147388757110e-02, 2.452878155338686e+01, 2.777458162914623e+00, -3.884956562588016e+00, 9.999853411011700e-03, -1.226394453178429e-06, -8.531300168595629e-06, 9.927874765881536e-01, 7.212520096844108e-03, 0.000000000000000e+00, 3.315011566900724e-09, 2.404170050668103e-03, 1.666634140914727e-05, -1.666601467142684e-05, -9.999803953541812e-01, -4.662936703425657e-15
6.751466129834431e-01, 4.153849833311153e-02, 2.307405274934725e+01, 2.696608015076924e+00, -3.660586817062507e+00, 9.999825077526496e-03, -1.420515722036571e-06, -9.593018455096080e-06, 9.931956767132822e-01, 6.804319332108495e-03, 0.000000000000000e+00, 3.954618351490533e-09, 2.268102489510291e-03, 1.666627850915845e-05, -1.666588868455082e-05, -9.999766099788018e-01, -4.440892098500626e-15
6.972290434934992e-01, 4.404859120252919e-02, 2.170220165276436e+01, 2.618140762851950e+00, -3.449330741519570e+00, 9.999791275241881e-03, -1.645342032737760e-06, -1.078690479564949e-05, 9.935809286658577e-01, 6.419066616620480e-03, 0.000000000000000e+00, 4.717530760296775e-09, 2.139684154807692e-03, 1.666620346442368e-05, -1.666573838504420e-05, -9.999720944616762e-01, -4.440892098500626e-15
7.199784252012433e-01, 4.671098810305714e-02, 2.040823905916373e+01, 2.541967625232625e+00, -3.250363476129944e+00, 9.999750940142797e-03, -1.905788042333154e-06, -1.212971765951738e-05, 9.939445812851131e-01, 6.055413087176684e-03, 0.000000000000000e+00, 5.627719258459306e-09, 2.018465401526983e-03, 1.666611391157884e-05, -1.666555904338341e-05, -9.999667068040949e-01, -4.440892098500626e-15
7.434125100860266e-01, 4.953468697033771e-02, 1.918787361266295e+01, 2.468026746461662e+00, -3.062974897566890e+00, 9.999702813994158e-03, -2.207472989013361e-06, -1.363991817363203e-05, 9.942877940854137e-01, 5.712199201069452e-03, 0.000000000000000e+00, 6.713526124447135e-09, 1.904059687097010e-03, 1.666600705580838e-05, -1.666534506692585e-05, -9.999602790950275e-01, -4.662936703425657e-15
7.675542134263770e-01, 5.252979263417129e-02, 1.803681605911171e+01, 2.396243762183774e+00, -2.886461666966224e+00, 9.999645385628916e-03, -2.556967912699213e-06, -1.533857580458210e-05, 9.946117319088739e-01, 5.388260082147598e-03, 0.000000000000000e+00, 8.008987586792032e-09, 1.796078685441145e-03, 1.666587954044843e-05, -1.666508973899479e-05, -9.999526096746516e-01, -4.440892098500626e-15
7.924212145761653e-01, 5.570628379266639e-02, 1.695129618988599e+01, 2.326564067973155e+00, -2.720205830471468e+00, 9.999576866493316e-03, -2.961797325881171e-06, -1.724896500617320e-05, 9.949174188371944e-01, 5.082571608432790e-03, 0.000000000000000e+00, 9.554382313547286e-09, 1.694180982302140e-03, 1.666572739264628e-05, -1.666478511032315e-05, -9.999434598742117e-01, -4.662936703425657e-15
8.180294377156493e-01, 5.907440162907596e-02, 1.592780582491432e+01, 2.258939035939030e+00, -2.563634578039574e+00, 9.999495134727183e-03, -3.430613582170987e-06, -1.939699353113671e-05, 9.952058097671120e-01, 4.794178835407972e-03, 0.000000000000000e+00, 1.139748911005032e-08, 1.598048215082333e-03, 1.666554589915899e-05, -1.666442175065188e-05, -9.999325465535960e-01, -4.440892098500626e-15
8.444037007490653e-01, 6.264609773848205e-02, 1.496268620233185e+01, 2.193298808355144e+00, -2.416156601582944e+00, 9.999397634634503e-03, -3.973581780124615e-06, -2.181246724900301e-05, 9.954779061985101e-01, 4.522080205649843e-03, 0.000000000000000e+00, 1.359584935409098e-08, 1.507346473794656e-03, 1.666532938308827e-05, -1.666398830208977e-05, -9.999195286833118e-01, -4.662936703425657e-15
8.715722930110663e-01, 6.643446603157768e-02, 1.405242774924509e+01, 2.129570824479865e+00, -2.277207586995843e+00, 9.999281300870027e-03, -4.602560942348633e-06, -2.452925176145638e-05, 9.957346714354504e-01, 4.265312346088674e-03, 0.000000000000000e+00, 1.621847030905856e-08, 1.421754565116254e-03, 1.666507103549740e-05, -1.666347114247892e-05, -9.999039972277901e-01, -4.662936703425657e-15
8.995567480527614e-01, 7.045235472923926e-02, 1.319398973736471e+01, 2.067703339597520e+00, -2.146298474560017e+00, 9.999142505857560e-03, -5.331125259682178e-06, -2.758471566085373e-05, 9.959769399265908e-01, 4.023040726415182e-03, 0.000000000000000e+00, 1.934700323456414e-08, 1.340994230684328e-03, 1.666476279864116e-05, -1.666285415217464e-05, -9.998854681287949e-01, -4.440892098500626e-15
9.283752824219124e-01, 7.471277040655487e-02, 1.238459268152457e+01, 2.007653428760693e+00, -2.022983201763722e+00, 9.998976950854038e-03, -6.174856020022764e-06, -3.102032823847129e-05, 9.962054753012084e-01, 3.794501620610877e-03, 0.000000000000000e+00, 2.307819008618349e-08, 1.264810798500086e-03, 1.666439512408151e-05, -1.666211823048859e-05, -9.998633677624678e-01, -4.662936703425657e-15
9.580607846511014e-01, 7.923160924951869e-02, 1.162122541081765e+01, 1.949350479279600e+00, -1.906783270249651e+00, 9.998779424061924e-03, -7.152223970953731e-06, -3.488443424531709e-05, 9.964211092410508e-01, 3.578863229655432e-03, 0.000000000000000e+00, 2.752930306544434e-08, 1.192926885069326e-03, 1.666395643556992e-05, -1.666124022144478e-05, -9.998370006465366e-01, -4.662936703425657e-15
9.880607846511015e-01, 8.393261452136905e-02, 1.091431966825485e+01, 1.893783208280886e+00, -1.799266654985179e+00, 9.998548534058484e-03, -8.261742570194005e-06, -3.914471398420576e-05, 9.966208762703253e-01, 3.379090998196862e-03, 0.000000000000000e+00, 3.273148712238819e-08, 1.126330940922464e-03, 1.666344364194668e-05, -1.666021395402768e-05, -9.998061812439014e-01, -4.662936703425657e-15
1.018060784651101e+00, 8.876861981098746e-02, 1.026524217825254e+01, 1.841305824058019e+00, -1.700620548415133e+00, 9.998282385458808e-03, -9.504687393969574e-06, -4.378307154711791e-05, 9.968043707454153e-01, 3.195590527364307e-03, 0.000000000000000e+00, 3.872722975605190e-08, 1.065158124106835e-03, 1.666285253369771e-05, -1.665903101942758e-05, -9.997706566590328e-01, -4.662936703425657e-15
1.048060784651101e+00, 9.373962512162196e-02, 9.667847227920483e+00, 1.791666834527125e+00, -1.609892668990766e+00, 9.997976802119226e-03, -1.089272369454531e-05, -4.882113153991718e-05, 9.969733129092995e-01, 3.026641480342073e-03, 0.000000000000000e+00, 4.561036805408712e-08, 1.008834895400046e-03, 1.666217383668821e-05, -1.665767287521652e-05, -9.997298694926724e-01, -4.662936703425657e-15
1.078060784651101e+00, 9.884563045700033e-02, 9.116785085760755e+00, 1.744641391903939e+00, -1.526255497978779e+00, 9.997627248120510e-03, -1.243817414811895e-05, -5.428109681323299e-05, 9.971292015097674e-01, 2.870745007454714e-03, 0.000000000000000e+00, 5.348278729439306e-08, 9.568615366401858e-04, 1.666139747869251e-05, -1.665611938542805e-05, -9.996832142519135e-01, -4.662936703425657e-15
1.108060784651101e+00, 1.040866358213851e-01, 8.607381313735811e+00, 1.700027846534762e+00, -1.448987121032519e+00, 9.997228807785702e-03, -1.415403612621316e-05, -6.018574328192517e-05, 9.972733471570486e-01, 2.726590388101924e-03, 0.000000000000000e+00, 6.245485889005313e-08, 9.088010309478755e-04, 1.666051254532305e-05, -1.665434873308373e-05, -9.996300346569440e-01, -4.662936703425657e-15
1.138060784651101e+00, 1.094626412196332e-01, 8.135536917965760e+00, 1.657644823326134e+00, -1.377455423503186e+00, 9.996776165182221e-03, -1.605399880071895e-05, -6.655841400250629e-05, 9.974068999638587e-01, 2.593027390262750e-03, 0.000000000000000e+00, 7.264588753532026e-08, 8.642698487986471e-04, 1.665950723488216e-05, -1.665233733070296e-05, -9.995696208730479e-01, -4.440892098500626e-15
1.168060784651102e+00, 1.149736466572600e-01, 7.697645321984361e+00, 1.617328730401030e+00, -1.311104983635785e+00, 9.996263583113634e-03, -1.815246005910885e-05, -7.342301242608694e-05, 9.975308725610428e-01, 2.469043254399723e-03, 0.000000000000000e+00, 8.418456702096208e-08, 8.229302755569128e-04, 1.665836881216045e-05, -1.665005972886749e-05, -9.995012066675523e-01, -4.662936703425657e-15
1.198060784651102e+00, 1.206196521405087e-01, 7.290522997323102e+00, 1.578931627073471e+00, -1.249446148892658e+00, 9.995684881607113e-03, -2.046454320376676e-05, -8.080399473780365e-05, 9.976461593523364e-01, 2.353743438228997e-03, 0.000000000000000e+00, 9.720944411372986e-08, 7.844839926281084e-04, 1.665708356120863e-05, -1.664748852292104e-05, -9.994239664913527e-01, -4.662936703425657e-15
1.228060784651102e+00, 1.264006576764251e-01, 6.911351241224668e+00, 1.542319391983693e+00, -1.192045888751479e+00, 9.995033415903522e-03, -2.300611340660722e-05, -8.872636118675984e-05, 9.977535526945347e-01, 2.246335436085016e-03, 0.000000000000000e+00, 1.118693898133665e-07, 7.486666834731935e-04, 1.665563673711341e-05, -1.664459425789593e-05, -9.993370124846158e-01, -4.662936703425657e-15
1.258060784651102e+00, 1.323166632729375e-01, 6.557627098993875e+00, 1.507370143131120e+00, -1.138520100739833e+00, 9.994302053957925e-03, -2.579379388716959e-05, -9.721564630325814e-05, 9.978537565515891e-01, 2.146115124342977e-03, 0.000000000000000e+00, 1.283240772108435e-07, 7.152434816415038e-04, 1.665401251681215e-05, -1.664134533177039e-05, -9.992393914061868e-01, -4.662936703425657e-15
1.288060784651102e+00, 1.383676689389426e-01, 6.227121824544641e+00, 1.473972870227177e+00, -1.088527111267190e+00, 9.993483153459336e-03, -2.884498177916332e-05, -1.062979078925232e-04, 9.979473980634908e-01, 2.052455192053602e-03, 0.000000000000000e+00, 1.467444650728359e-07, 6.840051138751814e-04, 1.665219394898516e-05, -1.663770789717336e-05, -9.991300814861886e-01, -4.662936703425657e-15
1.318060784651102e+00, 1.445536746843974e-01, 5.917845583540439e+00, 1.442026246752574e+00, -1.041762163474188e+00, 9.992568538379619e-03, -3.217786364699864e-05, -1.159997146862099e-04, 9.980350373860764e-01, 1.964795300646626e-03, 0.000000000000000e+00, 1.673132861692005e-07, 6.547646195726202e-04, 1.665016290306973e-05, -1.663364576166833e-05, -9.990079892012136e-01, -4.440892098500626e-15
1.348060784651102e+00, 1.508746805204171e-01, 5.628017348906170e+00, 1.411437594715764e+00, -9.979527241644029e-01, 9.991549475062663e-03, -3.581143061015308e-05, -1.263481325247647e-04, 9.981171760909124e-01, 1.882633683557533e-03, 0.000000000000000e+00, 1.902255392418074e-07, 6.273545502312824e-04, 1.664790001744490e-05, -1.662912028676343e-05, -9.988719459714562e-01, -4.662936703425657e-15
1.378060784651102e+00, 1.573306864593796e-01, 5.356039133269687e+00, 1.382121979656321e+00, -9.568544734047318e-01, 9.990416647866285e-03, -3.976549302928902e-05, -1.373707089351548e-04, 9.981942643611126e-01, 1.805519949913154e-03, 0.000000000000000e+00, 2.156889833838601e-07, 6.016245702508811e-04, 1.664538464684217e-05, -1.662409028581244e-05, -9.987207047790411e-01, -4.440892098500626e-15
1.408060784651102e+00, 1.639216925150372e-01, 5.100473858322721e+00, 1.354001417139128e+00, -9.182478654533017e-01, 9.989160134370741e-03, -4.406069470384069e-05, -1.490954559596169e-04, 9.982667071763726e-01, 1.733048899003093e-03, 0.000000000000000e+00, 2.439246334582043e-07, 5.774393946752841e-04, 1.664259480904344e-05, -1.661851192099045e-05, -9.985529367067267e-01, -4.440892098500626e-15
1.438060784651102e+00, 1.706476987026344e-01, 4.860026285748923e+00, 1.327004175013708e+00, -8.819351697221335e-01, 9.987769380169317e-03, -4.871852652632142e-05, -1.615508310819006e-04, 9.983348696462758e-01, 1.664855186478008e-03, 0.000000000000000e+00, 2.751672550304336e-07, 5.546770108565228e-04, 1.663950713093453e-05, -1.661233859954806e-05, -9.983672273960587e-01, -4.440892098500626e-15
1.468060784651102e+00, 1.775087050390332e-01, 4.633526534826026e+00, 1.301064158201439e+00, -8.477379165927919e-01, 9.986233173258183e-03, -5.376133953385532e-05, -1.747657160880018e-04, 9.983990816233214e-01, 1.600608710830328e-03, 0.000000000000000e+00, 3.096658571272337e-07, 5.332271402294192e-04, 1.663609679399002e-05, -1.660552086957071e-05, -9.981620734239560e-01, -4.440892098500626e-15
1.498060784651102e+00, 1.845047115428464e-01, 4.419915793141012e+00, 1.276120364826862e+00, -8.154946859120639e-01, 9.984539618044533e-03, -5.921235729240100e-05, -1.887693936886213e-04, 9.984596417047262e-01, 1.540010611101417e-03, 0.000000000000000e+00, 3.476841809517346e-07, 5.129899038485425e-04, 1.663233747927327e-05, -1.659800631549369e-05, -9.979358785965976e-01, -4.218847493575595e-15
1.528060784651102e+00, 1.916357182345774e-01, 4.218233892994417e+00, 1.252116404210718e+00, -7.850591865467533e-01, 9.982676108994082e-03, -6.509568754380271e-05, -2.035915217205369e-04, 9.985168207138365e-01, 1.482789784989568e-03, 0.000000000000000e+00, 3.895011824950946e-07, 4.938746614163382e-04, 1.662820131204443e-05, -1.658973945364932e-05, -9.976869501593506e-01, -4.218847493575595e-15
1.558060784651102e+00, 1.989017251367689e-01, 4.027608480079193e+00, 1.229000068657698e+00, -7.562985839733981e-01, 9.980629303941144e-03, -7.143633304016538e-05, -2.192621047337821e-04, 9.985708647370627e-01, 1.428699851439200e-03, 0.000000000000000e+00, 4.354115067765013e-07, 4.757989985003598e-04, 1.662365880607852e-05, -1.658066162815105e-05, -9.974134949213618e-01, -4.218847493575595e-15
1.588060784651102e+00, 2.063027322741589e-01, 3.847245545304192e+00, 1.206722952153584e+00, -7.290920399118604e-01, 9.978385097086876e-03, -7.826020148410014e-05, -2.358114627609885e-04, 9.986219977800289e-01, 1.377516494028308e-03, 0.000000000000000e+00, 4.857259512217473e-07, 4.586878407168344e-04, 1.661867880780590e-05, -1.657071090744925e-05, -9.971136152932858e-01, -4.218847493575595e-15
1.618060784651102e+00, 2.138387396738452e-01, 3.676421127085005e+00, 1.185240110076786e+00, -7.033294337888495e-01, 9.975928591713819e-03, -8.559411448711604e-05, -2.532701970544968e-04, 9.986704240965378e-01, 1.329035131555043e-03, 0.000000000000000e+00, 5.407719154529887e-07, 4.424726770195359e-04, 1.661322844039855e-05, -1.655982198192587e-05, -9.967853052364697e-01, -3.996802888650564e-15
1.648060784651102e+00, 2.215097473654581e-01, 3.514474021543389e+00, 1.164509754861909e+00, -6.789102405811799e-01, 9.973244072647582e-03, -9.346581545183899e-05, -2.716691525659113e-04, 9.987163302356091e-01, 1.283068870564691e-03, 0.000000000000000e+00, 6.008938345087953e-07, 4.270908770135439e-04, 1.660727304793712e-05, -1.654792606292958e-05, -9.964264461217546e-01, -4.218847493575595e-15
1.678060784651102e+00, 2.293157553813419e-01, 3.360799363031312e+00, 1.144492983255544e+00, -6.557425435313065e-01, 9.970314978499466e-03, -1.019039762768127e-04, -2.910393769316819e-04, 9.987598868449349e-01, 1.239446701481267e-03, 0.000000000000000e+00, 6.664535922437704e-07, 4.124850895216290e-04, 1.660077613980652e-05, -1.653495078369042e-05, -9.960348024958751e-01, -4.218847493575595e-15
1.708060784651102e+00, 2.372567637567443e-01, 3.214842958177093e+00, 1.125153531399047e+00, -6.337421635025394e-01, 9.967123873726943e-03, -1.109382027753762e-04, -3.114120757170990e-04, 9.988012502633230e-01, 1.198011905773936e-03, 0.000000000000000e+00, 7.378309113705490e-07, 3.986027115535353e-04, 1.659369933548094e-05, -1.652082010259158e-05, -9.956080177532489e-01, -4.218847493575595e-15
1.738060784651102e+00, 2.453327725300153e-01, 3.076096274001284e+00, 1.106457554477898e+00, -6.128318894708569e-01, 9.963652420552300e-03, -1.205990386925159e-04, -3.328185636598125e-04, 9.988405639298851e-01, 1.158620646406702e-03, 0.000000000000000e+00, 8.154237163037005e-07, 3.853954184350779e-04, 1.658600230987395e-05, -1.650545420931862e-05, -9.951436097107390e-01, -3.996802888650564e-15
1.768060784651102e+00, 2.535437817428143e-01, 2.944091995181977e+00, 1.088373428107059e+00, -5.929407969327103e-01, 9.959881350783356e-03, -1.309179681956524e-04, -3.552902116426871e-04, 9.988779596336845e-01, 1.121140717858915e-03, 0.000000000000000e+00, 8.996484646448252e-07, 3.728187472009231e-04, 1.657764273944399e-05, -1.648876943445003e-05, -9.946389660827650e-01, -3.996802888650564e-15
1.798060784651102e+00, 2.618897914403260e-01, 2.818400077758889e+00, 1.070871568988824e+00, -5.740036429230004e-01, 9.955790437583984e-03, -1.419274167070487e-04, -3.788583891145392e-04, 9.989135586241646e-01, 1.085450435400431e-03, 0.000000000000000e+00, 9.909404428110500e-07, 3.608317264876313e-04, 1.656857624926233e-05, -1.647067816310057e-05, -9.940913398538930e-01, -3.774758283725532e-15
1.828060784651102e+00, 2.703708016714855e-01, 2.698624236854732e+00, 1.053924272693954e+00, -5.559603279486416e-01, 9.951358467246289e-03, -1.536607499369155e-04, -4.035544016661260e-04, 9.989474725998174e-01, 1.051437646169547e-03, 0.000000000000000e+00, 1.089754020955343e-06, 3.493965471189420e-04, 1.655875636126708e-05, -1.645108875327772e-05, -9.934978445457893e-01, -3.996802888650564e-15
1.858060784651102e+00, 2.789868124892115e-01, 2.584398814688312e+00, 1.037505566686796e+00, -5.387554165030065e-01, 9.946563211020637e-03, -1.661522709673422e-04, -4.294094234577409e-04, 9.989798045901216e-01, 1.018998847024375e-03, 0.000000000000000e+00, 1.196562861956968e-06, 3.384782683834418e-04, 1.654813444394554e-05, -1.642990545966418e-05, -9.928554493751645e-01, -3.996802888650564e-15
1.888060784651102e+00, 2.877378239506484e-01, 2.475385982523854e+00, 1.021591076947330e+00, -5.223377089775315e-01, 9.941381397064393e-03, -1.794372152279130e-04, -4.564544241839926e-04, 9.990106497437361e-01, 9.880383961928501e-04, 0.000000000000000e+00, 1.311860078874567e-06, 3.280445556902806e-04, 1.653665966370568e-05, -1.640702836359364e-05, -9.921609742990266e-01, -3.774758283725532e-15
1.918060784651102e+00, 2.966238361174168e-01, 2.371273236464233e+00, 1.006157906743609e+00, -5.066598587636845e-01, 9.935788682575105e-03, -1.935517431942763e-04, -4.847200902508853e-04, 9.990400960341792e-01, 9.584678074937692e-04, 0.000000000000000e+00, 1.436158334853586e-06, 3.180654458716796e-04, 1.652427893821808e-05, -1.638235331004443e-05, -9.914110849432954e-01, -3.774758283725532e-15
1.948060784651102e+00, 3.056448490558720e-01, 2.271771152332424e+00, 9.911845262814056e-01, -4.916780291698702e-01, 9.929759626179107e-03, -2.085329306310361e-04, -5.142367398302766e-04, 9.990682248927378e-01, 9.302051173908500e-04, 0.000000000000000e+00, 1.569989879065073e-06, 3.085131368982011e-04, 1.651093689203036e-05, -1.635577185253519e-05, -9.906022874104700e-01, -3.774758283725532e-15
1.978060784651102e+00, 3.148008628373709e-01, 2.176611369444084e+00, 9.766506721082604e-01, -4.773515854872207e-01, 9.923267660652020e-03, -2.244187561901439e-04, -5.450342314472675e-04, 9.990951117770811e-01, 9.031743164150249e-04, 0.000000000000000e+00, 1.713906511825688e-06, 2.993617991978532e-04, 1.649657581477850e-05, -1.632717120686891e-05, -9.897309229617319e-01, -3.996802888650564e-15
2.008060784651102e+00, 3.240918775385461e-01, 2.085544776977832e+00, 9.625372552797479e-01, -4.636428181449914e-01, 9.916285066053446e-03, -2.412480861655000e-04, -5.771418657471813e-04, 9.991208266829553e-01, 8.773048375810757e-04, 0.000000000000000e+00, 1.868479471610644e-06, 2.905874061344280e-04, 1.648113562234229e-05, -1.629643421473591e-05, -9.887931625684828e-01, -3.996802888650564e-15
2.038060784651102e+00, 3.335178932415869e-01, 1.998339880000502e+00, 9.488262774095647e-01, -4.505166934165770e-01, 9.908782943364289e-03, -2.590606561937493e-04, -6.105882800806608e-04, 9.991454346054097e-01, 8.525310953616246e-04, 0.000000000000000e+00, 2.034299236224376e-06, 2.821675815134507e-04, 1.646455382131616e-05, -1.626343931825286e-05, -9.877850013279487e-01, -3.774758283725532e-15
2.068060784651102e+00, 3.430789100345280e-01, 1.914781325087451e+00, 9.355007538243330e-01, -4.379406285843361e-01, 9.900731188721616e-03, -2.778970496803008e-04, -6.454013355381683e-04, 9.991689959551900e-01, 8.287920695879652e-04, 0.000000000000000e+00, 2.211975229940314e-06, 2.740814622536055e-04, 1.644676547719175e-05, -1.622806054658323e-05, -9.867022527370619e-01, -3.996802888650564e-15
2.098060784651102e+00, 3.527749280115430e-01, 1.834668567963763e+00, 9.225446431308481e-01, -4.258842888566414e-01, 9.892098468352734e-03, -2.977986727184434e-04, -6.816079960589681e-04, 9.991915669352370e-01, 8.060309293429633e-04, 0.000000000000000e+00, 2.402135427964139e-06, 2.663095745940531e-04, 1.642770318667413e-05, -1.619016751585471e-05, -9.855405428184202e-01, -3.996802888650564e-15
2.128060784651101e+00, 3.626059472732439e-01, 1.757814667740251e+00, 9.099427825795833e-01, -4.143194036631506e-01, 9.882852194317338e-03, -3.188077252581057e-04, -7.192341992346891e-04, 9.992131998816460e-01, 7.841946925127985e-04, 0.000000000000000e+00, 2.605425849117712e-06, 2.588337224091518e-04, 1.640729705458048e-05, -1.614962544366052e-05, -9.842953040916617e-01, -3.996802888650564e-15
2.158060784651101e+00, 3.725719679269855e-01, 1.684045194178361e+00, 8.976808286750708e-01, -4.032196002420545e-01, 9.872958501174017e-03, -3.409671682693490e-04, -7.583047184239381e-04, 9.992339435728954e-01, 7.632339171854313e-04, 0.000000000000000e+00, 2.822509927187155e-06, 2.516368863763458e-04, 1.638547467579734e-05, -1.610629517950409e-05, -9.829617693831223e-01, -3.996802888650564e-15
2.188060784651101e+00, 3.826729900871728e-01, 1.613197236032259e+00, 8.857452025425292e-01, -3.925602526825485e-01, 9.862382223695251e-03, -3.643206866341478e-04, -7.988430157923976e-04, 9.992538435107208e-01, 7.431024215361257e-04, 0.000000000000000e+00, 3.054067750932975e-06, 2.447031328942633e-04, 1.636216112280049e-05, -1.606003325261954e-05, -9.815349654661487e-01, -3.774758283725532e-15
2.218060784651101e+00, 3.929090138755710e-01, 1.545118499919899e+00, 8.741230396118854e-01, -3.823183448025275e-01, 9.851086875763195e-03, -3.889126474884302e-04, -8.408710858925757e-04, 9.992729421756120e-01, 7.237570292338813e-04, 0.000000000000000e+00, 3.300795162327563e-06, 2.380175317796303e-04, 1.633727893927066e-05, -1.601069193867396e-05, -9.800097065239139e-01, -3.996802888650564e-15
2.248060784651101e+00, 4.032800394216179e-01, 1.479666490397577e+00, 8.628021432260470e-01, -3.724723454301878e-01, 9.839034630587046e-03, -4.147880537248009e-04, -8.844092893990976e-04, 9.992912792595605e-01, 7.051573377456183e-04, 0.000000000000000e+00, 3.563402702171544e-06, 2.315660818862181e-04, 1.631074814036685e-05, -1.595811934693021e-05, -9.783805874260337e-01, -3.996802888650564e-15
2.278060784651101e+00, 4.137860668627356e-01, 1.416707762979675e+00, 8.517709418206884e-01, -3.630020948227786e-01, 9.826186302391675e-03, -4.419924923548971e-04, -9.294761766194116e-04, 9.993088918784018e-01, 6.872655072144228e-04, 0.000000000000000e+00, 3.842614391851916e-06, 2.253356438890300e-04, 1.628248622024895e-05, -1.590215952952098e-05, -9.766419768097210e-01, -3.996802888650564e-15
2.308060784651100e+00, 4.244270963446407e-01, 1.356117242778454e+00, 8.410184493586206e-01, -3.538887010995431e-01, 9.812501329736375e-03, -4.705720774190166e-04, -9.760883004062323e-04, 9.993258147658181e-01, 6.700460678501247e-04, 0.000000000000000e+00, 4.139166339648581e-06, 2.193138795642719e-04, 1.625240816747083e-05, -1.584265261455522e-05, -9.747880099556117e-01, -3.774758283725532e-15
2.338060784651100e+00, 4.352031280216528e-01, 1.297777602256220e+00, 8.305342287335681e-01, -3.451144456917549e-01, 9.797937760632154e-03, -5.005733871195743e-04, -1.024260018107279e-03, 9.993420804508483e-01, 6.534657440000336e-04, 0.000000000000000e+00, 4.453805159679993e-06, 2.134891969720224e-04, 1.622042648889478e-05, -1.577943496484570e-05, -9.728125814477812e-01, -3.996802888650564e-15
2.368060784651100e+00, 4.461141620569973e-01, 1.241578692299475e+00, 8.203083578863986e-01, -3.366626969231401e-01, 9.782452239635815e-03, -5.320433948441920e-04, -1.074003282200146e-03, 9.993577194205472e-01, 6.374932932691602e-04, 0.000000000000000e+00, 4.787286191311948e-06, 2.078507010153491e-04, 1.618645124280757e-05, -1.571233936411103e-05, -9.707093376068328e-01, -3.774758283725532e-15
2.398060784651100e+00, 4.571601986231021e-01, 1.187417021455170e+00, 8.103313984019680e-01, -3.285178309309285e-01, 9.765999997109307e-03, -5.650293937338815e-04, -1.125327419275819e-03, 9.993727602692646e-01, 6.220993592364288e-04, 0.000000000000000e+00, 5.140371506645745e-06, 2.023881489081097e-04, 1.615039008194740e-05, -1.564119523256559e-05, -9.684716686842765e-01, -3.774758283725532e-15
2.428060784651100e+00, 4.683412379018854e-01, 1.135195278724300e+00, 8.005943663771283e-01, -3.206651592230987e-01, 9.748534840843264e-03, -5.995789144419718e-04, -1.178238897053675e-03, 9.993872298358448e-01, 6.072563364694247e-04, 0.000000000000000e+00, 5.513827693563831e-06, 1.970919101348875e-04, 1.611214830717943e-05, -1.556582887386557e-05, -9.660927008057381e-01, -3.774758283725532e-15
2.458060784651099e+00, 4.796572800850324e-01, 1.084821895797605e+00, 7.910887053704277e-01, -3.130908622425650e-01, 9.730009150254449e-03, -6.357396357202540e-04, -1.232741079134256e-03, 9.994011533299282e-01, 5.929382466778730e-04, 0.000000000000000e+00, 5.908423401754242e-06, 1.919529305312878e-04, 1.607162893258450e-05, -1.548606375542727e-05, -9.635652876498393e-01, -3.774758283725532e-15
2.488060784651099e+00, 4.911083253742592e-01, 1.036210645050518e+00, 7.818062612618931e-01, -3.057819283754291e-01, 9.710373873377847e-03, -6.735592874604137e-04, -1.288833967223904e-03, 9.994145544484007e-01, 5.791206249676552e-04, 0.000000000000000e+00, 6.324926639172245e-06, 1.869627001519551e-04, 1.602873276275220e-05, -1.540172082417416e-05, -9.608820018488859e-01, -3.774758283725532e-15
2.518060784651099e+00, 5.026943739815598e-01, 9.892802699969798e-01, 7.727392588672746e-01, -2.987260978990987e-01, 9.689578526885418e-03, -7.130855458113201e-04, -1.346513930597984e-03, 9.994274554829364e-01, 5.657804152647761e-04, 0.000000000000000e+00, 6.764101806542458e-06, 1.821132246277616e-04, 1.598335848309302e-05, -1.531261885979998e-05, -9.580351260967748e-01, -3.774758283725532e-15
2.548060784651099e+00, 5.144154261294337e-01, 9.439541452405567e-01, 7.638802801654621e-01, -2.919118114180323e-01, 9.667571199375011e-03, -7.543659199862961e-04, -1.405773422607311e-03, 9.994398774194759e-01, 5.528958740740466e-04, 0.000000000000000e+00, 7.226706457771948e-06, 1.773969997432429e-04, 1.593540276400705e-05, -1.521857486765467e-05, -9.550166439488141e-01, -3.774758283725532e-15
2.578060784651099e+00, 5.262714820510923e-01, 9.001599632619204e-01, 7.552222440106446e-01, -2.853281623809352e-01, 9.644298558184597e-03, -7.974476303692712e-04, -1.466600684075858e-03, 9.994518400304113e-01, 5.404464818218758e-04, 0.000000000000000e+00, 7.713487774550308e-06, 1.728069889909640e-04, 1.588476037976616e-05, -1.511940451336766e-05, -9.518182302974239e-01, -3.774758283725532e-15
2.608060784651098e+00, 5.382625419906388e-01, 8.578294456488325e-01, 7.467583872123464e-01, -2.789648533141549e-01, 9.619705859998754e-03, -8.423774775248890e-04, -1.528979433487447e-03, 9.994633619601561e-01, 5.284128611077576e-04, 0.000000000000000e+00, 8.225178743973029e-06, 1.683366038814881e-04, 1.583132434298305e-05, -1.501492260131508e-05, -9.484312415069792e-01, -3.774758283725532e-15
2.638060784651098e+00, 5.503886062032193e-01, 8.168980766123841e-01, 7.384822468768699e-01, -2.728121554423935e-01, 9.593736965526270e-03, -8.892017017153985e-04, -1.592888543915281e-03, 9.994744608047229e-01, 5.167767012559669e-04, 0.000000000000000e+00, 8.762494028757980e-06, 1.639796868063322e-04, 1.577498605555418e-05, -1.490494359901422e-05, -9.448467051903585e-01, -3.774758283725532e-15
2.668060784651098e+00, 5.626496749551403e-01, 7.773048568449441e-01, 7.303876439130524e-01, -2.668608714002591e-01, 9.566334358539600e-03, -9.379658325267004e-04, -1.658301706711333e-03, 9.994851531858686e-01, 5.055206886186096e-04, 0.000000000000000e+00, 9.326125520549365e-06, 1.597304962670079e-04, 1.571563547697232e-05, -1.478928220948610e-05, -9.410553096091097e-01, -3.774758283725532e-15
2.698060784651098e+00, 5.750457485239503e-01, 7.389920759641102e-01, 7.224686676136917e-01, -2.611023007670644e-01, 9.537439169578854e-03, -9.887145282074770e-04, -1.725187082043380e-03, 9.994954548203053e-01, 4.946284421343849e-04, 0.000000000000000e+00, 9.916737567939744e-06, 1.555836942962120e-04, 1.565316131090887e-05, -1.466775399356346e-05, -9.370473926785208e-01, -3.774758283725532e-15
2.728060784651098e+00, 5.875768271984791e-01, 7.019051019556415e-01, 7.147196612316308e-01, -2.555282081830679e-01, 9.506991204634836e-03, -1.041491404329124e-03, -1.793506936446206e-03, 9.995053805844406e-01, 4.840844536949554e-04, 0.000000000000000e+00, 1.053496187220817e-05, 1.515343359076492e-04, 1.558745121096555e-05, -1.454017604403583e-05, -9.328129305583339e-01, -3.774758283725532e-15
2.758060784651097e+00, 6.002429112788319e-01, 6.659921861792188e-01, 7.071352084763965e-01, -2.501307938284166e-01, 9.474928979137301e-03, -1.096338851380485e-03, -1.863217267640811e-03, 9.995149445750490e-01, 4.738740329133495e-04, 0.000000000000000e+00, 1.118139204539260e-05, 1.475778604190228e-04, 1.551839200648777e-05, -1.440636771341084e-05, -9.283415258093732e-01, -3.774758283725532e-15
2.788060784651097e+00, 6.130440010763325e-01, 6.312042826359638e-01, 6.997101208635284e-01, -2.449026660666812e-01, 9.441189757586075e-03, -1.153297840920441e-03, -1.934267416971946e-03, 9.995241601662536e-01, 4.639832559269067e-04, 0.000000000000000e+00, 1.185657782720919e-05, 1.437100844985588e-04, 1.544586994931860e-05, -1.426615139693080e-05, -9.236223950959888e-01, -3.774758283725532e-15
2.818060784651097e+00, 6.259800969134118e-01, 5.974948803177749e-01, 6.924394258543992e-01, -2.398368160733745e-01, 9.405709599173808e-03, -1.212407719923452e-03, -2.006599669920249e-03, 9.995330400631467e-01, 4.543989179014354e-04, 0.000000000000000e+00, 1.256101895952120e-05, 1.399271967891706e-04, 1.536977098235098e-05, -1.411935337231245e-05, -9.186443564140042e-01, -3.774758283725532e-15
2.848060784651097e+00, 6.390511991234357e-01, 5.648198475672455e-01, 6.853183557294635e-01, -2.349265942864369e-01, 9.368423409759857e-03, -1.273705992968595e-03, -2.080148845261527e-03, 9.995415963523541e-01, 4.451084889339135e-04, 0.000000000000000e+00, 1.329515871956838e-05, 1.362257539661366e-04, 1.528998103070645e-05, -1.396580469747239e-05, -9.133958158237899e-01, -3.774758283725532e-15
2.878060784651097e+00, 6.522573080504668e-01, 5.331372874746350e-01, 6.783423371425296e-01, -2.301656885305814e-01, 9.329265000565004e-03, -1.337228091941659e-03, -2.154841873572586e-03, 9.995498405498127e-01, 4.361000730786254e-04, 0.000000000000000e+00, 1.405937711601524e-05, 1.326026780840470e-04, 1.520638631632980e-05, -1.380534216725925e-05, -9.078647536682664e-01, -3.552713678800501e-15
2.908060784651096e+00, 6.655984240489565e-01, 5.024074034262547e-01, 6.715069813078930e-01, -2.255481036807968e-01, 9.288167153966288e-03, -1.403007132942901e-03, -2.230597365921120e-03, 9.995577836460060e-01, 4.273623702464280e-04, 0.000000000000000e+00, 1.485398375508457e-05, 1.290552550668741e-04, 1.511887369674058e-05, -1.363780932993216e-05, -9.020387102560610e-01, -3.774758283725532e-15
2.938060784651096e+00, 6.790745474833593e-01, 4.725923739977973e-01, 6.648080747760254e-01, -2.210681427423794e-01, 9.245061696780058e-03, -1.471073660120402e-03, -2.307325173726986e-03, 9.995654361488707e-01, 4.188846407491822e-04, 0.000000000000000e+00, 1.567921038763168e-05, 1.255811341914119e-04, 1.502733102862228e-05, -1.346305756380098e-05, -8.959047709908126e-01, -3.774758283725532e-15
2.968060784651096e+00, 6.926856787276656e-01, 4.436562364575134e-01, 6.582415707570227e-01, -2.167203892357432e-01, 9.199879581429289e-03, -1.541455376180988e-03, -2.384925940944283e-03, 9.995728081245739e-01, 4.106566722815286e-04, 0.000000000000000e+00, 1.653520315200270e-05, 1.221783284091104e-04, 1.493164755685854e-05, -1.328094721407464e-05, -8.894495509287798e-01, -3.774758283725532e-15
2.998060784651096e+00, 7.064318181648473e-01, 4.155647782085714e-01, 6.518035809542240e-01, -2.124996907840730e-01, 9.152550975398091e-03, -1.614176859367752e-03, -2.463290649888301e-03, 9.995799092363251e-01, 4.026687491503776e-04, 0.000000000000000e+00, 1.742201453192526e-05, 1.188452153445636e-04, 1.483171432954093e-05, -1.309134878954592e-05, -8.826591787485650e-01, -3.774758283725532e-15
3.028060784651096e+00, 7.203129661862091e-01, 3.882854355581440e-01, 6.454903678733314e-01, -2.084011438107572e-01, 9.103005359382053e-03, -1.689259266735707e-03, -2.542300162219309e-03, 9.995867487813752e-01, 3.949116235789178e-04, 0.000000000000000e+00, 1.833959505351499e-05, 1.155805388007107e-04, 1.472742463937419e-05, -1.289414421827194e-05, -8.755192801190154e-01, -3.774758283725532e-15
3.058060784651095e+00, 7.343291231906416e-01, 3.617871992534154e-01, 6.392983375750332e-01, -2.044200792615469e-01, 9.051171634547425e-03, -1.766720023605458e-03, -2.621824756796450e-03, 9.995933357263302e-01, 3.873764889268160e-04, 0.000000000000000e+00, 1.928778475075930e-05, 1.123834105912557e-04, 1.461867449179146e-05, -1.268922816088717e-05, -8.680149604543359e-01, -3.774758283725532e-15
3.088060784651095e+00, 7.484802895837700e-01, 3.360405262723754e-01, 6.332240328415719e-01, -2.005520492736526e-01, 8.996978239314900e-03, -1.846572499129371e-03, -2.701723666330154e-03, 9.995996787408916e-01, 3.800549546817417e-04, 0.000000000000000e+00, 2.026630443456681e-05, 1.092533125100287e-04, 1.450536309996236e-05, -1.247650937960625e-05, -8.601307870492830e-01, -3.996802888650564e-15
3.118060784651095e+00, 7.627664657769926e-01, 3.110172574004670e-01, 6.272641267299334e-01, -1.967928147205560e-01, 8.940353276084863e-03, -1.928825667965965e-03, -2.781844614990757e-03, 9.996057862301120e-01, 3.729390230895589e-04, 0.000000000000000e+00, 2.127474680665131e-05, 1.061900982351188e-04, 1.438739340673051e-05, -1.225591216033660e-05, -8.518507705922057e-01, -3.996802888650564e-15
3.148060784651095e+00, 7.771876521864047e-01, 2.866905401633359e-01, 6.214154164863784e-01, -1.931383335672843e-01, 8.881224648320075e-03, -2.013483758126599e-03, -2.862023359374509e-03, 9.996116663652406e-01, 3.660210673015887e-04, 0.000000000000000e+00, 2.231256746614962e-05, 1.031939949527549e-04, 1.426467263335307e-05, -1.202737778462294e-05, -8.431583460598328e-01, -3.996802888650564e-15
3.178060784651095e+00, 7.917438492316030e-01, 2.630347567215232e-01, 6.156748177989142e-01, -1.895847499763005e-01, 8.819520208398721e-03, -2.100545885134416e-03, -2.942083235486135e-03, 9.996173271132168e-01, 3.592938109274094e-04, 0.000000000000000e+00, 2.337907586394530e-05, 1.002656044722678e-04, 1.413711285473176e-05, -1.179086604738605e-05, -8.340363530053871e-01, -3.996802888650564e-15
3.208060784651094e+00, 8.064350573343652e-01, 2.400254563652715e-01, 6.100393593660209e-01, -1.861283841090846e-01, 8.755167916645330e-03, -2.190005672719291e-03, -3.021834714669308e-03, 9.996227762648503e-01, 3.527503088907934e-04, 0.000000000000000e+00, 2.447342626716800e-05, 9.740590358922628e-05, 1.400463160062243e-05, -1.154635681559614e-05, -8.244670152610775e-01, -3.996802888650564e-15
3.238060784651094e+00, 8.212612769172021e-01, 2.176392922770398e-01, 6.045061777615334e-01, -1.827657225729530e-01, 8.688096011938966e-03, -2.281850860364780e-03, -3.101074971703066e-03, 9.996280214617091e-01, 3.463839294946958e-04, 0.000000000000000e+00, 2.559460880423835e-05, 9.461624343923556e-05, 1.386715248208781e-05, -1.129385162213545e-05, -8.144319200876826e-01, -3.996802888650564e-15
3.268060784651094e+00, 8.362225084017786e-01, 1.958539622560977e-01, 5.990725125770220e-01, -1.794934094667311e-01, 8.618233194287159e-03, -2.376062898124033e-03, -3.179587468582666e-03, 9.996330702217303e-01, 3.401883376087798e-04, 0.000000000000000e+00, 2.674144066909552e-05, 9.189834757017030e-05, 1.372460584221376e-05, -1.103337528815725e-05, -8.039119968182327e-01, -3.996802888650564e-15
3.298060784651094e+00, 8.513187522071994e-01, 1.746481531239823e-01, 5.937357018243601e-01, -1.763082379826110e-01, 8.545508819739879e-03, -2.472616529231913e-03, -3.257141557817551e-03, 9.996379299635368e-01, 3.341574788998627e-04, 0.000000000000000e+00, 2.791255757183512e-05, 8.925430844609742e-05, 1.357692942984503e-05, -1.076497756623898e-05, -7.928874950602034e-01, -4.218847493575595e-15
3.328060784651094e+00, 8.665500087481602e-01, 1.540014885518550e-01, 5.884931775823873e-01, -1.732071425249017e-01, 8.469853108000268e-03, -2.571479361160386e-03, -3.333492109406230e-03, 9.996426080294446e-01, 3.282855650319599e-04, 0.000000000000000e+00, 2.910640553184328e-05, 8.668658208215310e-05, 1.342406909480883e-05, -1.048873479555843e-05, -7.813379625418116e-01, -4.218847493575595e-15
3.358060784651093e+00, 8.819162784329606e-01, 1.338944800711213e-01, 5.833424618727128e-01, -1.701871913094724e-01, 8.391197363067527e-03, -2.672611425894120e-03, -3.408379165987237e-03, 9.996471117071214e-01, 3.225670597683509e-04, 0.000000000000000e+00, 3.032123311856800e-05, 8.419798049656902e-05, 1.326597950278625e-05, -1.020475155919756e-05, -7.692422227136911e-01, -3.996802888650564e-15
3.388060784651093e+00, 8.974175616613815e-01, 1.143084810472268e-01, 5.782811627507460e-01, -1.672455794105111e-01, 8.309474207221947e-03, -2.775964730343423e-03, -3.481527631015867e-03, 9.996514482498409e-01, 3.169966659133365e-04, 0.000000000000000e+00, 3.155508425423902e-05, 8.179166165431648e-05, 1.310262486766030e-05, -9.913162332501970e-06, -7.565783522482955e-01, -4.218847493575595e-15
3.418060784651093e+00, 9.130538588224264e-01, 9.522564341353190e-02, 5.733069705990029e-01, -1.643796222237972e-01, 8.224617828632335e-03, -2.881482797962550e-03, -3.552646995176970e-03, 9.996556248952703e-01, 3.115693130361619e-04, 0.000000000000000e+00, 3.280579170203228e-05, 7.947111656694085e-05, 1.293397969881722e-05, -9.614133110201729e-06, -7.433236586169154e-01, -4.218847493575595e-15
3.448060784651093e+00, 9.288251702919301e-01, 7.662887697767662e-02, 5.684176546106239e-01, -1.615867493180523e-01, 8.136564242831658e-03, -2.989100202803197e-03, -3.621431106613117e-03, 9.996596488827122e-01, 3.062801459239691e-04, 0.000000000000000e+00, 3.407097137226020e-05, 7.724015320561468e-05, 1.276002956050398e-05, -9.307862998738260e-06, -7.294546579695096e-01, -4.218847493575595e-15
3.478060784651093e+00, 9.447314964300394e-01, 5.850181112708719e-02, 5.636110594518617e-01, -1.588644986480952e-01, 8.045251568267235e-03, -3.098742097406046e-03, -3.687557990923129e-03, 9.996635274687056e-01, 3.011245137146672e-04, 0.000000000000000e+00, 3.534801758801908e-05, 7.510287687983490e-05, 1.258077183995130e-05, -8.994585758950834e-06, -7.149470535971225e-01, -3.996802888650564e-15
3.508060784651093e+00, 9.607728375785703e-01, 4.082875877329517e-02, 5.588851020930536e-01, -1.562105111055108e-01, 7.950620316087018e-03, -3.210323736117527e-03, -3.750689727266365e-03, 9.996672679408838e-01, 2.960979596642951e-04, 0.000000000000000e+00, 3.663409946019002e-05, 7.306366673315075e-05, 1.239621652055929e-05, -8.674571282965917e-06, -6.997757153224151e-01, -3.996802888650564e-15
3.538060784651092e+00, 9.769491940582512e-01, 2.359468238670193e-02, 5.542377687982933e-01, -1.536225253843641e-01, 7.852613694272955e-03, -3.323749995614793e-03, -3.810472387290525e-03, 9.996708776299718e-01, 2.911962115068373e-04, 0.000000000000000e+00, 3.792615852959588e-05, 7.112714801052293e-05, 1.220638695601245e-05, -8.348126987815263e-06, -6.839146602429526e-01, -3.996802888650564e-15
3.556776331042450e+00, 9.871092273161208e-01, 1.305911476375132e-02, 5.513774821238271e-01, -1.520404734731370e-01, 7.789738456315001e-03, -3.395398998274673e-03, -3.845908296529211e-03, 9.996730665643501e-01, 2.881996431535030e-04, 0.000000000000000e+00, 3.873379250453179e-05, 6.997319912641198e-05, 1.208530597021011e-05, -8.141369102387489e-06, -6.736585008650754e-01, -3.996802888650564e-15
3.567296977778696e+00, 9.928435998888568e-01, 7.207983323802791e-03, 5.497825464852637e-01, -1.511618638803233e-01, 7.753803465269532e-03, -3.435962133972997e-03, -3.865157905798705e-03, 9.996742766282996e-01, 2.865354336321801e-04, 0.000000000000000e+00, 3.918793807688242e-05, 6.934335156096558e-05, 1.201635164525640e-05, -8.024137747418870e-06, -6.677682198645125e-01, -4.218847493575595e-15
3.573154530133899e+00, 9.960435072329704e-01, 3.972208782346165e-03, 5.488985321386121e-01, -1.506759821552921e-01, 7.733610768346438e-03, -3.458633329151104e-03, -3.875658363724065e-03, 9.996749441411870e-01, 2.856150954415494e-04, 0.000000000000000e+00, 3.944076337961512e-05, 6.899864997471604e-05, 1.197768350612173e-05, -7.958561665972926e-06, -6.644491534531987e-01, -3.996802888650564e-15
3.576398156489077e+00, 9.978176739290137e-01, 2.187099034228535e-03, 5.484102304718159e-01, -1.504079325769666e-01, 7.722371855911432e-03, -3.471213849643827e-03, -3.881404792608692e-03, 9.996753118926919e-01, 2.851073632679981e-04, 0.000000000000000e+00, 3.958074404829521e-05, 6.880962848294911e-05, 1.195618607407071e-05, -7.922156286253615e-06, -6.625989456148005e-01, -3.996802888650564e-15
3.578188872047208e+00, 9.987978180428965e-01, 1.203628938095891e-03, 5.481410249023232e-01, -1.502602564818930e-01, 7.716149674402000e-03, -3.478167165445377e-03, -3.884556164569978e-03, 9.996755143470747e-01, 2.848276382977294e-04, 0.000000000000000e+00, 3.965801463603803e-05, 6.870584531252553e-05, 1.194429205171797e-05, -7.902029880873392e-06, -6.615737330147438e-01, -4.218847493575595e-15
3.579175811276566e+00, 9.993382226272667e-01, 6.622156120412725e-04, 5.479927672838799e-01, -1.501789589542965e-01, 7.712715042624947e-03, -3.482001840593678e-03, -3.886286571178948e-03, 9.996756257554067e-01, 2.846736459318866e-04, 0.000000000000000e+00, 3.970059866953811e-05, 6.864881995907771e-05, 1.193772888562723e-05, -7.890928890617149e-06, -6.610075472661854e-01, -3.996802888650564e-15
3.579719248773389e+00, 9.996358475197633e-01, 3.642851355722954e-04, 5.479111665630294e-01, -1.501342223544140e-01, 7.710822218356487e-03, -3.484114052866663e-03, -3.887237420505119e-03, 9.996756870477679e-01, 2.845889065529954e-04, 0.000000000000000e+00, 3.972404568709969e-05, 6.861747299743626e-05, 1.193411262981062e-05, -7.884813797889393e-06, -6.606954402452723e-01, -3.996802888650564e-15
3.580018327576864e+00, 9.997996631721117e-01, 2.003769707750180e-04, 5.478662682800746e-01, -1.501096102678190e-01, 7.709780019833528e-03, -3.485276721358085e-03, -3.887760121010836e-03, 9.996757207639626e-01, 2.845422866908146e-04, 0.000000000000000e+00, 3.973694935478802e-05, 6.860023734387630e-05, 1.193212171435969e-05, -7.881447603715072e-06, -6.605235675923552e-01, -3.996802888650564e-15
3.580182877901951e+00, 9.998897987149827e-01, 1.102134306789626e-04, 5.478415688088346e-01, -1.500960715139097e-01, 7.709206463780643e-03, -3.485916477197849e-03, -3.888047525276922e-03, 9.996757393095047e-01, 2.845166417688758e-04, 0.000000000000000e+00, 3.974404873457225e-05, 6.859075930631562e-05, 1.193102611281127e-05, -7.879595320921147e-06, -6.604289728659815e-01, -3.996802888650564e-15
3.580273397827932e+00, 9.999393844429072e-01, 6.061923156130966e-05, 5.478279824606042e-01, -1.500886245617940e-01, 7.708890902949884e-03, -3.486268430125576e-03, -3.888205573057359e-03, 9.996757495100480e-01, 2.845025358518948e-04, 0.000000000000000e+00, 3.974795410823059e-05, 6.858554686221588e-05, 1.193042335093478e-05, -7.878576300259712e-06, -6.603769261584843e-01, -3.996802888650564e-15
3.580323189006121e+00, 9.999666599761475e-01, 3.334113544672945e-05, 5.478205094731279e-01, -1.500845285452445e-01, 7.708717312717483e-03, -3.486462030626046e-03, -3.888292491895455e-03, 9.996757551204967e-01, 2.844947772314564e-04, 0.000000000000000e+00, 3.975010227997997e-05, 6.858268016229651e-05, 1.193009177712361e-05, -7.878015758673144e-06, -6.603482945352970e-01, -3.996802888650564e-15
3.580350575733113e+00, 9.999816625429395e-01, 1.833779332893748e-05, 5.478163991799683e-01, -1.500822756777856e-01, 7.708621828475503e-03, -3.486568518885580e-03, -3.888340295003804e-03, 9.996757582062890e-01, 2.844905098794539e-04, 0.000000000000000e+00, 3.975128383985679e-05, 6.858110352103174e-05, 1.192990939495361e-05, -7.877707436529392e-06, -6.603325453470491e-01, -3.996802888650564e-15
3.580365638910648e+00, 9.999899142643182e-01, 1.008583740502722e-05, 5.478141384733373e-01, -1.500810365830288e-01, 7.708569309233785e-03, -3.486627089843773e-03, -3.888366586031708e-03, 9.996757599034884e-01, 2.844881628023444e-04, 0.000000000000000e+00, 3.975193371757745e-05, 6.858023638155750e-05, 1.192980907974599e-05, -7.877537852007682e-06, -6.603238827503021e-01, -4.218847493575595e-15
3.580373923802800e+00, 9.999944528047486e-01, 5.547226022972751e-06, 5.478128950709582e-01, -1.500803550755719e-01, 7.708540422770921e-03, -3.486659304601487e-03, -3.888381045890798e-03, 9.996757608369522e-01, 2.844868718997975e-04, 0.000000000000000e+00, 3.975229115630988e-05, 6.857975945884693e-05, 1.192975390486494e-05, -7.877444578299489e-06, -6.603191181577580e-01, -3.996802888650564e-15
3.580378480537199e+00, 9.999969490303221e-01, 3.050978986340880e-06, 5.478122111954956e-01, -1.500799802448550e-01, 7.708524534950162e-03, -3.486677022939275e-03, -3.888388998750898e-03, 9.996757613503586e-01, 2.844861619003303e-04, 0.000000000000000e+00, 3.975248774942353e-05, 6.857949715256636e-05, 1.192972355822150e-05, -7.877393277088034e-06, -6.603164975821456e-01, -4.218847493575595e-15
3.580380986754343e+00, 9.999983219629595e-01, 1.678039856400915e-06, 5.478118350627346e-01, -1.500797740874719e-01, 7.708515796568222e-03, -3.486686768091925e-03, -3.888393372805075e-03, 9.996757616327326e-01, 2.844857713996958e-04, 0.000000000000000e+00, 3.975259587618380e-05, 6.857935288447816e-05, 1.192970686742880e-05, -7.877365061218469e-06, -6.603150562505206e-01, -4.218847493575595e-15
3.580382365177772e+00, 9.999990770785031e-01, 9.229223487672300e-07, 5.478116281893358e-01, -1.500796607007634e-01, 7.708510990433797e-03, -3.486692127946110e-03, -3.888395778529161e-03, 9.996757617880384e-01, 2.844855566240662e-04, 0.000000000000000e+00, 3.975265534606764e-05, 6.857927353714039e-05, 1.192969768745082e-05, -7.877349542428719e-06, -6.603142635135775e-01, -4.218847493575595e-15
3.580383123311868e+00, 9.999994923928365e-01, 5.076074212073678e-07, 5.478115144088516e-01, -1.500795983380291e-01, 7.708508347052495e-03, -3.486695075872031e-03, -3.888397101675681e-03, 9.996757618734566e-01, 2.844854384973850e-04, 0.000000000000000e+00, 3.975268805455389e-05, 6.857922989613813e-05, 1.192969263845024e-05, -7.877341007075758e-06, -6.603138275068827e-01, -4.218847493575595e-15
3.580383540285986e+00, 9.999997208159571e-01, 2.791841209326407e-07, 5.478114518295504e-01, -1.500795640385116e-01, 7.708506893190549e-03, -3.486696697233138e-03, -3.888397829405745e-03, 9.996757619204369e-01, 2.844853735276848e-04, 0.000000000000000e+00, 3.975270604423649e-05, 6.857920589359703e-05, 1.192968986149607e-05, -7.877336312626000e-06, -6.603135877027843e-01, -4.440892098500626e-15
3.580383769621863e+00, 9.999998464487453e-01, 1.535512783590320e-07, 5.478114174109242e-01, -1.500795451737729e-01, 7.708506093565805e-03, -3.486697588982307e-03, -3.888398229657121e-03, 9.996757619462759e-01, 2.844853377943418e-04, 0.000000000000000e+00, 3.975271593856652e-05, 6.857919269220248e-05, 1.192968833417012e-05, -7.877333730676931e-06, -6.603134558104039e-01, -4.440892098500626e-15
3.580383895756628e+00, 9.999999155468005e-01, 8.445320665018130e-08, 5.478113984806766e-01, -1.500795347981654e-01, 7.708505653771991e-03, -3.486698079444520e-03, -3.888398449795330e-03, 9.996757619604874e-01, 2.844853181410009e-04, 0.000000000000000e+00, 3.975272138044940e-05, 6.857918543143642e-05, 1.192968749414049e-05, -7.877332310604430e-06, -6.603133832695569e-01, -4.218847493575595e-15
3.580383995756628e+00, 9.999999703279364e-01, 2.967206436110814e-08, 5.478113834727235e-01, -1.500795265723550e-01, 7.708505305102164e-03, -3.486698468284373e-03, -3.888398624321474e-03, 9.996757619717546e-01, 2.844853025597779e-04, 0.000000000000000e+00, 3.975272569478959e-05, 6.857917967508190e-05, 1.192968682816255e-05, -7.877331184766851e-06, -6.603133257589581e-01, -4.440892098500626e-15
3.580384049921373e+00, 1.000000000000000e+00, 0.000000000000000e+00, 5.478113753437044e-01, -1.500795221168661e-01, 7.708505116246019e-03, -3.486698678898499e-03, -3.888398718853091e-03, 9.996757619778567e-01, 2.844852941202485e-04, 0.000000000000000e+00, 3.975272803164091e-05, 6.857917655716770e-05, 1.192968646743726e-05, -7.877330574959751e-06, -6.603132946084844e-01, -4.218847493575595e-15
