0.000000000000000e+00, 9.999000099990002e-05, 1.000000000000000e+04, 1.184898147185753e+02, -1.253968785870806e+04, 1.000000000000000e+00, 1.000000000000000e-01, -7.897738720611992e-06, 2.136990744735721e-01, 6.082004364990424e-01, 0.000000000000000e+00, 1.781004890273854e-01, 2.621003876486578e-01, 2.501001817010468e+11, 8.336683836695656e+10, 3.333337776883655e-01, 0.000000000000000e+00
1.000000000000000e-07, 9.999118578031923e-05, 9.999881499665395e+03, 1.184885607637587e+02, -1.253940847358290e+04, 1.000000010000000e+00, 9.999999999921022e-02, -7.897842296504533e-06, 2.137010654758407e-01, 6.081988964693943e-01, 0.000000000000000e+00, 1.781000380547652e-01, 2.620997239829100e-01, 2.500883283110451e+11, 8.336288723432240e+10, 3.333337776988959e-01, 0.000000000000000e+00
2.473237021735276e-07, 9.999293124542820e-05, 9.999706925428003e+03, 1.184867134419976e+02, -1.253899689013761e+04, 1.000000024732370e+00, 9.999999999804667e-02, -7.897994897032589e-06, 2.137039986803160e-01, 6.081966276513581e-01, 0.000000000000000e+00, 1.780993736683258e-01, 2.620987462505527e-01, 2.500708667100450e+11, 8.335706669677596e+10, 3.333337777144099e-01, 1.110223024625157e-16
4.295908797786366e-07, 9.999509071914555e-05, 9.999490952187667e+03, 1.184844280408281e+02, -1.253848771199979e+04, 1.000000042959088e+00, 9.999999999660711e-02, -7.898183690795603e-06, 2.137076275841981e-01, 6.081938207135371e-01, 0.000000000000000e+00, 1.780985517022646e-01, 2.620975366189786e-01, 2.500492654835374e+11, 8.334986628314040e+10, 3.333337777336041e-01, 1.110223024625157e-16
6.521014905498343e-07, 9.999772699767541e-05, 9.999227305399116e+03, 1.184816381634218e+02, -1.253786615274391e+04, 1.000000065210149e+00, 9.999999999484965e-02, -7.898414170301053e-06, 2.137120576929146e-01, 6.081903940480453e-01, 0.000000000000000e+00, 1.780975482590402e-01, 2.620960599198005e-01, 2.500228979377201e+11, 8.334107709534227e+10, 3.333337777570367e-01, 0.000000000000000e+00
9.524674715779798e-07, 1.000012857088987e-04, 9.998871430763158e+03, 1.184778723409554e+02, -1.253702718649102e+04, 1.000000095246747e+00, 9.999999999247719e-02, -7.898725293153715e-06, 2.137180378155390e-01, 6.081857684550528e-01, 0.000000000000000e+00, 1.780961937294080e-01, 2.620940665506239e-01, 2.499873099114662e+11, 8.332921441201595e+10, 3.333337777886695e-01, 1.110223024625157e-16
1.321693724591771e-06, 1.000056602894537e-04, 9.998434003091688e+03, 1.184732435317581e+02, -1.253599599913726e+04, 1.000000132169372e+00, 9.999999998956070e-02, -7.899107750078554e-06, 2.137253888150922e-01, 6.081800824960596e-01, 0.000000000000000e+00, 1.780945286888483e-01, 2.620916162236250e-01, 2.499435716577515e+11, 8.331463498439073e+10, 3.333337778275559e-01, 0.000000000000000e+00
1.860827582027097e-06, 1.000120479664717e-04, 9.997795348488837e+03, 1.184664853577186e+02, -1.253449051740298e+04, 1.000000186082758e+00, 9.999999998530187e-02, -7.899666212026941e-06, 2.137361223540747e-01, 6.081717801608381e-01, 0.000000000000000e+00, 1.780920974850872e-01, 2.620880383863297e-01, 2.498797230945631e+11, 8.329335211580354e+10, 3.333337778843403e-01, 0.000000000000000e+00
2.593651431663560e-06, 1.000207305592793e-04, 9.996927373739087e+03, 1.184573005337998e+02, -1.253244461035986e+04, 1.000000259365143e+00, 9.999999997951253e-02, -7.900425322532143e-06, 2.137507116870457e-01, 6.081604953895090e-01, 0.000000000000000e+00, 1.780887929234455e-01, 2.620831752876172e-01, 2.497929681946264e+11, 8.326443379653944e+10, 3.333337779615314e-01, 0.000000000000000e+00
3.610008390177731e-06, 1.000327726227749e-04, 9.995723811415437e+03, 1.184445645381175e+02, -1.252960796357774e+04, 1.000000361000839e+00, 9.999999997148235e-02, -7.901478164801121e-06, 2.137709450317387e-01, 6.081448450051833e-01, 0.000000000000000e+00, 1.780842099630781e-01, 2.620764308564158e-01, 2.496727083802768e+11, 8.322434716501755e+10, 3.333337780686003e-01, 0.000000000000000e+00
4.874326432776187e-06, 1.000477528104143e-04, 9.994226998201073e+03, 1.184287253587102e+02, -1.252608060702442e+04, 1.000000487432643e+00, 9.999999996149153e-02, -7.902787927879546e-06, 2.137961136249589e-01, 6.081253772324184e-01, 0.000000000000000e+00, 1.780785091426228e-01, 2.620680413465291e-01, 2.495232075578759e+11, 8.317451352430145e+10, 3.333337782018110e-01, 0.000000000000000e+00
6.594525638042268e-06, 1.000681348605200e-04, 9.992191153146310e+03, 1.184071821309555e+02, -1.252128377388709e+04, 1.000000659452564e+00, 9.999999994789563e-02, -7.904570047504439e-06, 2.138303554366958e-01, 6.080988913734769e-01, 0.000000000000000e+00, 1.780707531898275e-01, 2.620566274381134e-01, 2.493199763251574e+11, 8.310676973484711e+10, 3.333337783830894e-01, 0.000000000000000e+00
8.757293740758963e-06, 1.000937613874724e-04, 9.989632644215510e+03, 1.183801080161253e+02, -1.251525674394294e+04, 1.000000875729374e+00, 9.999999993079746e-02, -7.906810813764100e-06, 2.138734037287909e-01, 6.080655937489090e-01, 0.000000000000000e+00, 1.780610025223002e-01, 2.620422780436689e-01, 2.490647454752752e+11, 8.302169272807658e+10, 3.333337786110647e-01, 0.000000000000000e+00
1.208677730431180e-05, 1.001332136368170e-04, 9.985696358582860e+03, 1.183384541092106e+02, -1.250598693383608e+04, 1.000001208677730e+00, 9.999999990446612e-02, -7.910260698780943e-06, 2.139396677142061e-01, 6.080143389092785e-01, 0.000000000000000e+00, 1.780459933765156e-01, 2.620201901043564e-01, 2.486724535809102e+11, 8.289092867591432e+10, 3.333337789621487e-01, 0.000000000000000e+00
1.638628420562671e-05, 1.001841625019596e-04, 9.980617603285753e+03, 1.182847102390454e+02, -1.249403170250783e+04, 1.000001638628420e+00, 9.999999987044632e-02, -7.914716266117828e-06, 2.140252248854135e-01, 6.079481608932840e-01, 0.000000000000000e+00, 1.780266142213028e-01, 2.619916711194037e-01, 2.481669875759135e+11, 8.272243989489958e+10, 3.333337794157454e-01, 0.000000000000000e+00
2.350111296277022e-05, 1.002684788309503e-04, 9.972224004783902e+03, 1.181958876148086e+02, -1.247428591500062e+04, 1.000002350111294e+00, 9.999999981410823e-02, -7.922090790161199e-06, 2.141667743069152e-01, 6.078386731701738e-01, 0.000000000000000e+00, 1.779945525229109e-01, 2.619444880983057e-01, 2.473332995391685e+11, 8.244454369654787e+10, 3.333337801669188e-01, 1.110223024625157e-16
3.279789950741118e-05, 1.003786645227708e-04, 9.961276393636925e+03, 1.180800365096435e+02, -1.244855522973894e+04, 1.000003279789947e+00, 9.999999974041344e-02, -7.931729623711211e-06, 2.143516761296624e-01, 6.076956525959544e-01, 0.000000000000000e+00, 1.779526712743831e-01, 2.618828543135315e-01, 2.462490946428385e+11, 8.208314182194205e+10, 3.333337811495146e-01, 1.110223024625157e-16
4.590365412454005e-05, 1.005340161971299e-04, 9.945882038803389e+03, 1.179171257755321e+02, -1.241241791200789e+04, 1.000004590365404e+00, 9.999999963637307e-02, -7.945322789926042e-06, 2.146122228911766e-01, 6.074941210652255e-01, 0.000000000000000e+00, 1.778936560435979e-01, 2.617960056133735e-01, 2.447305383143075e+11, 8.157695603855519e+10, 3.333337825367176e-01, 1.110223024625157e-16
6.204122539364568e-05, 1.007253415081003e-04, 9.926988180805329e+03, 1.177171771084701e+02, -1.236813722593186e+04, 1.000006204122524e+00, 9.999999950801974e-02, -7.962068914651202e-06, 2.149328651639680e-01, 6.072461059775766e-01, 0.000000000000000e+00, 1.778210288584554e-01, 2.616891251274704e-01, 2.428763903478809e+11, 8.095890629917607e+10, 3.333337842480927e-01, 0.000000000000000e+00
8.257037184316056e-05, 1.009687893176992e-04, 9.903050615616386e+03, 1.174638451573281e+02, -1.231214899346801e+04, 1.000008257037157e+00, 9.999999934434649e-02, -7.983385611591459e-06, 2.153404812664325e-01, 6.069308170975773e-01, 0.000000000000000e+00, 1.777287016359902e-01, 2.615532534395425e-01, 2.405424317839124e+11, 8.018091958370767e+10, 3.333337864303997e-01, 0.000000000000000e+00
1.158782417427958e-04, 1.013639099305111e-04, 9.864444226505651e+03, 1.170552558315877e+02, -1.222211795048830e+04, 1.000011587824121e+00, 9.999999907786052e-02, -8.018003161973819e-06, 2.160011500353510e-01, 6.064197933328102e-01, 0.000000000000000e+00, 1.775790566318386e-01, 2.613330310797294e-01, 2.368137269982190e+11, 7.893801714044394e+10, 3.333337899835410e-01, 1.110223024625157e-16
1.630442677940580e-04, 1.019237100918159e-04, 9.810259804996993e+03, 1.164817616453383e+02, -1.209631349191754e+04, 1.000016304426674e+00, 9.999999869852584e-02, -8.067091336541580e-06, 2.169352718763500e-01, 6.056972550819257e-01, 0.000000000000000e+00, 1.773674730417239e-01, 2.610216579331971e-01, 2.316537800518714e+11, 7.721803364035973e+10, 3.333337950413295e-01, 2.220446049250313e-16
2.272174055072352e-04, 1.026858987021381e-04, 9.737435487629205e+03, 1.157109146904804e+02, -1.192825212202890e+04, 1.000022721740345e+00, 9.999999817868897e-02, -8.134006957404573e-06, 2.182035404707247e-01, 6.047162561126090e-01, 0.000000000000000e+00, 1.770802034166659e-01, 2.605989028298067e-01, 2.248521521783583e+11, 7.495082276730629e+10, 3.333338019724776e-01, 2.220446049250313e-16
3.123293255930165e-04, 1.036977315628776e-04, 9.642412492525407e+03, 1.147049781971445e+02, -1.171072181599420e+04, 1.000031232932169e+00, 9.999999748260341e-02, -8.222982671403786e-06, 2.198808794018954e-01, 6.034188434436932e-01, 0.000000000000000e+00, 1.767002771544111e-01, 2.600397913146792e-01, 2.162037646791601e+11, 7.206802488788191e+10, 3.333338112536047e-01, 1.110223024625157e-16
4.180976923178894e-04, 1.049566478671731e-04, 9.526743314225707e+03, 1.134802941658766e+02, -1.144861733350559e+04, 1.000041809768529e+00, 9.999999660700903e-02, -8.333912805565415e-06, 2.219577927054048e-01, 6.018123621663775e-01, 0.000000000000000e+00, 1.762298451282174e-01, 2.593474887127555e-01, 2.060157682389631e+11, 6.867202361057923e+10, 3.333338229281786e-01, 1.110223024625157e-16
5.563142646959180e-04, 1.066043106957088e-04, 9.379483710967361e+03, 1.119208375182570e+02, -1.111920298080846e+04, 1.000055631425218e+00, 9.999999544507233e-02, -8.479477267071587e-06, 2.246593953093219e-01, 5.997226871161325e-01, 0.000000000000000e+00, 1.756179175745455e-01, 2.584469569326077e-01, 1.935714009197861e+11, 6.452389807705371e+10, 3.333338384206442e-01, 1.110223024625157e-16
7.438378389850128e-04, 1.088443375454932e-04, 9.186432461353668e+03, 1.098759247222856e+02, -1.069460563103971e+04, 1.000074383781642e+00, 9.999999383637034e-02, -8.678063432048814e-06, 2.283023216560225e-01, 5.969049033038557e-01, 0.000000000000000e+00, 1.747927750401216e-01, 2.572326514827923e-01, 1.781217210323284e+11, 5.937400079838803e+10, 3.333338598699699e-01, 1.110223024625157e-16
9.647779664234776e-04, 1.114903038580025e-04, 8.968389851817348e+03, 1.075655263476402e+02, -1.022493564733754e+04, 1.000096477792811e+00, 9.999999189304419e-02, -8.913656645423157e-06, 2.325615655032968e-01, 5.936104013565119e-01, 0.000000000000000e+00, 1.738280331401909e-01, 2.558129075297823e-01, 1.618049603411375e+11, 5.393507616914268e+10, 3.333338857809425e-01, 2.220446049250313e-16
1.283074142256405e-03, 1.153150733782913e-04, 8.670893194044966e+03, 1.044118277916934e+02, -9.601047470360587e+03, 1.000128307407356e+00, 9.999998900145084e-02, -9.256151490913161e-06, 2.386358996649804e-01, 5.889119371443985e-01, 0.000000000000000e+00, 1.724521631906206e-01, 2.537881353646007e-01, 1.413825739102574e+11, 4.712760819415348e+10, 3.333339243354539e-01, 2.220446049250313e-16
1.765184602705787e-03, 1.211372397702291e-04, 8.254099768632517e+03, 9.999050729906513e+01, -8.759838251294341e+03, 1.000176518447003e+00, 9.999998441256999e-02, -9.781888655726696e-06, 2.477000176707029e-01, 5.819008919939549e-01, 0.000000000000000e+00, 1.703990903353419e-01, 2.507667719085184e-01, 1.160992644548170e+11, 3.869983053671326e+10, 3.333339855204189e-01, 1.110223024625157e-16
2.422242625945846e-03, 1.291282830856599e-04, 7.743236786116246e+03, 9.456590246609861e+01, -7.781076057974670e+03, 1.000242224236921e+00, 9.999997774629678e-02, -1.051201376341361e-05, 2.597949681267834e-01, 5.725455156587831e-01, 0.000000000000000e+00, 1.676595162144359e-01, 2.467351348719354e-01, 8.991964806333086e+10, 2.997328265791318e+10, 3.333340744038816e-01, -1.110223024625157e-15
3.232509124503946e-03, 1.390717945726951e-04, 7.189530639750132e+03, 8.867845888870865e+01, -6.785291141577804e+03, 1.000323250865194e+00, 9.999996885679791e-02, -1.143417541990747e-05, 2.743127044057760e-01, 5.613161295909480e-01, 0.000000000000000e+00, 1.643711660032884e-01, 2.418959064910254e-01, 6.683189759439822e+10, 2.227735664662672e+10, 3.333341929302630e-01, -6.217248937900877e-15
4.289883033647328e-03, 1.521958934522109e-04, 6.569479513719581e+03, 8.207368782432414e+01, -5.750519972690016e+03, 1.000428988216558e+00, 9.999995611471570e-02, -1.267413745953643e-05, 2.926243244834388e-01, 5.471521985816920e-01, 0.000000000000000e+00, 1.602234769349361e-01, 2.357920567874738e-01, 4.659380514207770e+10, 1.553131634859153e+10, 3.333343628242456e-01, -3.330669073875470e-14
5.680089514269590e-03, 1.697062997228201e-04, 5.891533168381445e+03, 7.483404486048012e+01, -4.716255961586075e+03, 1.000568008790823e+00, 9.999993732592803e-02, -1.436824564784655e-05, 3.156638511200380e-01, 5.293312637945687e-01, 0.000000000000000e+00, 1.550048850857353e-01, 2.281122480340735e-01, 3.014032263989040e+10, 1.004681279312963e+10, 3.333346133406275e-01, -1.709743457922741e-13
7.795844057142330e-03, 1.969117086128468e-04, 5.077418175559717e+03, 6.610663973954436e+01, -3.608326757989524e+03, 1.000779584078351e+00, 9.999990407929639e-02, -1.708821734416122e-05, 3.486258208618389e-01, 5.038353884153266e-01, 0.000000000000000e+00, 1.475387907272274e-01, 2.171249806326030e-01, 1.662850872424168e+10, 5.542864897222383e+09, 3.333350566272837e-01, -2.196465231918410e-12
1.028402119308815e-02, 2.297650626564666e-04, 4.351271787704951e+03, 5.827864738406322e+01, -2.743561639433981e+03, 1.001028401496913e+00, 9.999985735343525e-02, -2.051096261331654e-05, 3.844309420210981e-01, 4.761403675615306e-01, 0.000000000000000e+00, 1.394286904271385e-01, 2.051900131360544e-01, 8.970219935557446e+09, 2.990094358698760e+09, 3.333356796354786e-01, -4.883426996116214e-12
1.322519414889684e-02, 2.697973220035796e-04, 3.705486011698561e+03, 5.126652734892326e+01, -2.072285591338396e+03, 1.001322518278061e+00, 9.999979069142109e-02, -2.487813184312500e-05, 4.230734958368057e-01, 4.462506312579577e-01, 0.000000000000000e+00, 1.306758729220872e-01, 1.923092574759218e-01, 4.718325976630577e+09, 1.572790589906919e+09, 3.333365684560165e-01, -8.425260489275388e-12
1.663381404194804e-02, 3.178152917005464e-04, 3.145481702152410e+03, 4.512955630931337e+01, -1.564706264025201e+03, 1.001663379398953e+00, 9.999969663823707e-02, -3.038919791781464e-05, 4.634728918363792e-01, 4.150020167078196e-01, 0.000000000000000e+00, 1.215250914804534e-01, 1.788429149364076e-01, 2.450408584579404e+09, 8.168138617854458e+08, 3.333378224863044e-01, -1.232614010859834e-11
2.053375105639804e-02, 3.748922632936342e-04, 2.666433014526498e+03, 3.981904367322943e+01, -1.185442953536834e+03, 1.002053371669086e+00, 9.999956484611670e-02, -3.730889404986779e-05, 5.046997921922561e-01, 3.831133687575073e-01, 0.000000000000000e+00, 1.121868390826824e-01, 1.651007700338436e-01, 1.265641208659953e+09, 4.218883085344853e+08, 3.333395796911321e-01, -1.622280088042771e-11
2.505376823702264e-02, 4.438986929901156e-04, 2.251766263545334e+03, 3.515633442074941e+01, -8.980545770252008e+02, 1.002505371009703e+00, 9.999937650671209e-02, -4.618276304025935e-05, 5.468021511371257e-01, 3.505476072752437e-01, 0.000000000000000e+00, 1.026502416284681e-01, 1.510668485882432e-01, 6.438718191533747e+08, 2.146295784274480e+08, 3.333420908367505e-01, -2.041877777969603e-11
3.029859084453277e-02, 5.278117141009745e-04, 1.893615017598287e+03, 3.105760938765713e+01, -6.803845148723979e+02, 1.003029849313935e+00, 9.999910470961899e-02, -5.768125004185607e-05, 5.892589439258027e-01, 3.177077562495605e-01, 0.000000000000000e+00, 9.303329987442467e-02, 1.369148372476307e-01, 3.221190602586786e+08, 1.073770083617640e+08, 3.333457147041675e-01, -2.489386474735511e-11
3.636889923485225e-02, 6.300833006486891e-04, 1.586091736871094e+03, 2.746162362173181e+01, -5.160786780213663e+02, 1.003636873566264e+00, 9.999870997722272e-02, -7.268264732368967e-05, 6.313509874760653e-01, 2.851501166324272e-01, 0.000000000000000e+00, 8.349889595055573e-02, 1.228844774647129e-01, 1.586124287600846e+08, 5.287360818830835e+07, 3.333509776102375e-01, -2.952416089385679e-11
4.338907778051058e-02, 7.552504158657913e-04, 1.323064150105282e+03, 2.430469252591630e+01, -3.921101228371413e+02, 1.004338880416892e+00, 9.999813198334712e-02, -9.242312735440233e-05, 6.724345492394683e-01, 2.533726332561838e-01, 0.000000000000000e+00, 7.419281757281024e-02, 1.091903644242381e-01, 7.683519197132450e+07, 2.561367846456340e+07, 3.333586837932626e-01, -3.423106242905760e-11
5.154378907813555e-02, 9.099267535860208e-04, 1.097989557191280e+03, 2.151747319367116e+01, -2.981548855815996e+02, 1.005154332958916e+00, 9.999727343864843e-02, -1.187716289092357e-04, 7.120857242673401e-01, 2.227032238314048e-01, 0.000000000000000e+00, 6.521105197938892e-02, 9.597382482489412e-02, 3.646623100932091e+07, 1.215675217933716e+07, 3.333701301960666e-01, -3.906674983511493e-11
6.098654048251934e-02, 1.101496792058803e-03, 9.068555718087064e+02, 1.906108268486901e+01, -2.271482037888807e+02, 1.006098576551887e+00, 9.999598901087860e-02, -1.541780672621143e-04, 7.496229729724477e-01, 1.936690890475841e-01, 0.000000000000000e+00, 5.670793806773761e-02, 8.346206676255116e-02, 1.698136174398178e+07, 5.661369561488888e+06, 3.333872540283929e-01, -4.388467367277826e-11
7.193210282090418e-02, 1.340292052177166e-03, 7.451060433624176e+02, 1.689000058103455e+01, -1.733578794452897e+02, 1.007193078726229e+00, 9.999404538641016e-02, -2.022726117262967e-04, 7.846256174669926e-01, 1.665956664314495e-01, 0.000000000000000e+00, 4.877871619887165e-02, 7.179535494918186e-02, 7.746237537981931e+06, 2.582697573297767e+06, 3.334131648602423e-01, -4.865685632182704e-11
8.463278313975772e-02, 1.639901981636504e-03, 6.087925432116814e+02, 1.496589696906179e+01, -1.325108567491906e+02, 1.008463053117413e+00, 9.999106906890246e-02, -2.683162782075677e-04, 8.167663970746255e-01, 1.417361495049871e-01, 0.000000000000000e+00, 4.149745352710797e-02, 6.108282687779854e-02, 3.456138739511112e+06, 1.152459276841914e+06, 3.334528396290408e-01, -5.336020514334905e-11
9.938126124507476e-02, 2.018181541769291e-03, 4.944955633591437e+02, 1.325690002797055e+01, -1.014227297129152e+02, 1.009937736856945e+00, 9.998645647789647e-02, -3.599737663095437e-04, 8.458182712149810e-01, 1.192662300503019e-01, 0.000000000000000e+00, 3.491549885066245e-02, 5.140022882583992e-02, 1.506543771073635e+06, 5.024539195645784e+05, 3.335143188083449e-01, -5.797251567685180e-11
1.165100133598113e-01, 2.498462438548599e-03, 3.992461612274298e+02, 1.173685022261381e+01, -7.771839439658777e+01, 1.011650321296901e+00, 9.997922562511612e-02, -4.884335458003127e-04, 8.716563635460384e-01, 9.928259941642806e-02, 0.000000000000000e+00, 2.906103716246926e-02, 4.278927210225281e-02, 6.413108466340487e+05, 2.139481461550265e+05, 3.336106776892108e-01, -6.246780870355906e-11
1.364210069331203e-01, 3.112066679860397e-03, 3.203298758896961e+02, 1.038237253473214e+01, -5.959584281526325e+01, 1.013640898779938e+00, 9.996775015924982e-02, -6.703512329989740e-04, 8.942915868967120e-01, 8.177695029301296e-02, 0.000000000000000e+00, 2.393146294397829e-02, 3.524643359421743e-02, 2.663573445610607e+05, 8.890037443690047e+04, 3.337635558103434e-01, -6.685141329398903e-11
1.595811302832989e-01, 3.900612831390773e-03, 2.553699713933023e+02, 9.174076173371240e+00, -4.570984157987024e+01, 1.015955962379028e+00, 9.994931746169909e-02, -9.305411252810027e-04, 9.138264538178756e-01, 6.667016653266090e-02, 0.000000000000000e+00, 1.950337979173443e-02, 2.873769331637357e-02, 1.078869390089884e+05, 3.603520913909146e+04, 3.340090048906592e-01, -7.113531985680766e-11
1.865308051607962e-01, 4.919462808309479e-03, 2.022742270783910e+02, 8.095756550633350e+00, -3.505180194658798e+01, 1.018649183084623e+00, 9.991936312916939e-02, -1.306169149022679e-03, 9.304406869667664e-01, 5.382346719130604e-02, 0.000000000000000e+00, 1.573584599260094e-02, 2.320334184388249e-02, 4.261569868587424e+04, 1.425101250317837e+04, 3.344075761428765e-01, -7.533662582659417e-11
2.165308051607962e-01, 6.181762022797828e-03, 1.607661754548432e+02, 7.170527940793725e+00, -2.715320375825113e+01, 1.021646102358757e+00, 9.987265322302190e-02, -1.826756165971552e-03, 9.438581011117181e-01, 4.345053062817869e-02, 0.000000000000000e+00, 1.269136841711196e-02, 1.873547855363313e-02, 1.707600022792935e+04, 5.720944352047132e+03, 3.350283600189937e-01, -7.850431416045467e-11
2.465308051607962e-01, 7.579051990926848e-03, 1.309426230611870e+02, 6.442251068348631e+00, -2.171286072986043e+01, 1.024641368577942e+00, 9.980856117370784e-02, -2.467001514706229e-03, 9.537423688271669e-01, 3.581103299868513e-02, 0.000000000000000e+00, 1.044659833407978e-02, 1.544580087430959e-02, 7.547800568815636e+03, 2.535145449665138e+03, 3.358787008945761e-01, -7.996581175007123e-11
2.765308051607962e-01, 9.111330652493900e-03, 1.087534529411778e+02, 5.852684373316467e+00, -1.779254680456007e+01, 1.027634404611380e+00, 9.972331521607637e-02, -3.239038104102740e-03, 9.612342555415972e-01, 3.002258553192884e-02, 0.000000000000000e+00, 8.743159088116400e-03, 1.295403517703008e-02, 3.607571716358356e+03, 1.215777273654021e+03, 3.370070976388741e-01, -8.082112756824245e-11
3.065308051607962e-01, 1.077859576634077e-02, 9.177646380642499e+01, 5.364822366636769e+00, -1.486649338200678e+01, 1.030624514716992e+00, 9.961277975290210e-02, -4.154987544846178e-03, 9.670487692799550e-01, 2.553211846433839e-02, 0.000000000000000e+00, 7.419112418507801e-03, 1.102182214613037e-02, 1.837969396474277e+03, 6.220898250422255e+02, 3.384658233350143e-01, -8.140044194249185e-11
3.365308051607963e-01, 1.258084491951248e-02, 7.848591739248234e+01, 4.953934174757001e+00, -1.262021197723440e+01, 1.033610873632517e+00, 9.947245579530732e-02, -5.226952809604975e-03, 9.716525226234141e-01, 2.197869146871469e-02, 0.000000000000000e+00, 6.368786071526179e-03, 9.493594894506694e-03, 9.875009143515904e+02, 3.360568731786439e+02, 3.403104425470881e-01, -8.182743371776269e-11
3.665308051607963e-01, 1.451807553901582e-02, 6.787965263113584e+01, 4.602814958620171e+00, -1.085558330723225e+01, 1.036592515683696e+00, 9.929748168322396e-02, -6.467006612433379e-03, 9.753605172604008e-01, 1.911863044386022e-02, 0.000000000000000e+00, 5.520852460055211e-03, 8.264316261379688e-03, 5.549259948693998e+02, 1.901171830031802e+02, 3.425991659445036e-01, -8.215805813449606e-11
3.965308051607963e-01, 1.659028490660099e-02, 5.927624031954490e+01, 4.299097965664180e+00, -9.442420556580608e+00, 1.039568323920172e+00, 9.908263424388292e-02, -7.887173417328778e-03, 9.783916261876444e-01, 1.678261151943412e-02, 0.000000000000000e+00, 4.825762457767047e-03, 7.260983561027458e-03, 3.240506786866368e+02, 1.119245103744678e+02, 3.453919949437939e-01, -8.242273530356670e-11
4.265308051607963e-01, 1.879747017701362e-02, 5.219864804056689e+01, 4.033649607335554e+00, -8.292130312167231e+00, 1.042537019295499e+00, 9.882233062086831e-02, -9.499402156396173e-03, 9.809017543755514e-01, 1.485001067287681e-02, 0.000000000000000e+00, 4.248235116849829e-03, 6.431573828619501e-03, 1.956167659454038e+02, 6.822126769563792e+01, 3.487495939620959e-01, -8.263900674876368e-11
4.565308051607964e-01, 2.113962840018303e-02, 4.630452120867658e+01, 3.799568042750959e+00, -7.342619709557532e+00, 1.045497149916135e+00, 9.851063110960348e-02, -1.131552563738200e-02, 9.830043808715413e-01, 1.323301374009109e-02, 0.000000000000000e+00, 3.762605554005186e-03, 5.738195237816166e-03, 1.215520945984496e+02, 4.287529005775414e+01, 3.527318077026457e-01, -8.281864083414803e-11
4.865308051607964e-01, 2.361675654782593e-02, 4.134281697297914e+01, 3.591534795604012e+00, -6.549259251984364e+00, 1.048447080396330e+00, 9.814124347651304e-02, -1.334720116968748e-02, 9.847836857981949e-01, 1.186646196635486e-02, 0.000000000000000e+00, 3.349852401391097e-03, 5.152710212747541e-03, 7.747209907320048e+01, 2.768819617940726e+01, 3.573957142073267e-01, -8.297029729931182e-11
5.165308051607964e-01, 2.622885154495109e-02, 3.712595447750341e+01, 3.405381522693689e+00, -5.879265263863473e+00, 1.051384981372935e+00, 9.770752943047362e-02, -1.560582503726109e-02, 9.863031705405402e-01, 1.070118354707297e-02, 0.000000000000000e+00, 2.995646078585444e-03, 4.653860817846301e-03, 5.049675873578772e+01, 1.831987410621755e+01, 3.627930695922869e-01, -8.309930521477327e-11
5.465308051607964e-01, 2.897591030675041e-02, 3.351142654065414e+01, 3.237792580067431e+00, -5.308093577696432e+00, 1.054308819257808e+00, 9.720251417183140e-02, -1.810241097139034e-02, 9.876114563603592e-01, 9.699507640278882e-03, 0.000000000000000e+00, 2.689036165782325e-03, 4.225334700507013e-03, 3.357534724175986e+01, 1.238819365746348e+01, 3.689669556732230e-01, -8.321010547263086e-11
5.765308051607965e-01, 3.185792978135069e-02, 3.038935915997248e+01, 3.086095938833300e+00, -4.817058470100762e+00, 1.057216346338184e+00, 9.661890028566156e-02, -2.084741957590132e-02, 9.887462695170687e-01, 8.832181114729150e-03, 0.000000000000000e+00, 2.421549534814456e-03, 3.854435587218709e-03, 2.272359822991154e+01, 8.542877341926189e+00, 3.759473854224822e-01, -8.330602874195847e-11
6.065308051607965e-01, 3.487490699887911e-02, 2.767391159013386e+01, 2.948113123818914e+00, -4.391721318353782e+00, 1.060105091379810e+00, 9.594908769636605e-02, -2.385052155957998e-02, 9.897372331836677e-01, 8.076208254992532e-03, 0.000000000000000e+00, 2.186558728119589e-03, 3.531151604505156e-03, 1.562511844947977e+01, 5.996069709181401e+00, 3.837455523021034e-01, -8.338996160262013e-11
6.365308051607965e-01, 3.802683912725906e-02, 2.529721593881208e+01, 2.822049514194694e+00, -4.020776079635152e+00, 1.062972350947593e+00, 9.518520198976396e-02, -2.712027245698933e-02, 9.906078575958758e-01, 7.413310662721080e-03, 0.000000000000000e+00, 1.978831908329942e-03, 3.247490987581136e-03, 1.089827364988643e+01, 4.275897653141048e+00, 3.923463284651148e-01, -8.346345836685032e-11
6.665308051607965e-01, 4.131372353509939e-02, 2.320503199500810e+01, 2.706412823142328e+00, -3.695263251213909e+00, 1.065815181738672e+00, 9.431913417118415e-02, -3.066367012003461e-02, 9.913769811359994e-01, 6.828811908861815e-03, 0.000000000000000e+00, 1.794207122195448e-03, 2.997000994697340e-03, 7.699667716892834e+00, 3.092945183663738e+00, 4.016985274413741e-01, -8.352829539148843e-11
6.965308051607966e-01, 4.473555786196570e-02, 2.135358287216538e+01, 2.599951618939025e+00, -3.408005727278607e+00, 1.068630394328890e+00, 9.334259590155722e-02, -3.448555859312956e-02, 9.920598288822849e-01, 6.310818148192442e-03, 0.000000000000000e+00, 1.629353136694408e-03, 2.774414579830079e-03, 5.503513537671039e+00, 2.265809509204011e+00, 4.117023595371858e-01, -8.358580494416401e-11
7.265308051607966e-01, 4.829234009622206e-02, 1.970721770797416e+01, 2.501608339421595e+00, -3.153197476649919e+00, 1.071414548872570e+00, 9.224719547412287e-02, -3.858783324336896e-02, 9.926688004446181e-01, 5.849608229924250e-03, 0.000000000000000e+00, 1.481591492732133e-03, 2.575387625638474e-03, 3.975672545488320e+00, 1.678502887353871e+00, 4.221934447943084e-01, -8.363709724790169e-11
7.565308051607966e-01, 5.198406866050052e-02, 1.823666280396090e+01, 2.410482946849904e+00, -2.926099323481411e+00, 1.074163953475032e+00, 9.102454128555620e-02, -4.296839289602047e-02, 9.932140634709734e-01, 5.437174253123526e-03, 0.000000000000000e+00, 1.348762443269557e-03, 2.396301364561332e-03, 2.900033775000766e+00, 1.255490599584174e+00, 4.329227509027346e-01, -8.368328252572610e-11
7.865308051607967e-01, 5.581074250468904e-02, 1.691769747402990e+01, 2.325804502244074e+00, -2.722810990947265e+00, 1.076874666185635e+00, 8.966638130737405e-02, -4.761977682933467e-02, 9.937040058333237e-01, 5.066871602257969e-03, 0.000000000000000e+00, 1.229122731867440e-03, 2.234112421830298e-03, 2.134548680280512e+00, 9.467405722208587e-01, 4.435319657813767e-01, -8.372458282224216e-11
8.165308051607967e-01, 5.977236120611946e-02, 1.573014048335137e+01, 2.246908708240541e+00, -2.540098240563732e+00, 1.079542501842970e+00, 8.816478899700396e-02, -5.252742098762701e-02, 9.941455838212990e-01, 4.733149632669125e-03, 0.000000000000000e+00, 1.121266713555137e-03, 2.086238153227376e-03, 1.584451536627907e+00, 7.185871439940406e-01, 4.535242179280322e-01, -8.376166427126464e-11
8.465308051607967e-01, 6.386892507638203e-02, 1.465706638719974e+01, 2.173220001993601e+00, -2.375260346814053e+00, 1.082163045346150e+00, 8.651240799301066e-02, -5.766747438420625e-02, 9.945445929894159e-01, 4.431342444005530e-03, 0.000000000000000e+00, 1.024064734168959e-03, 1.950468518171052e-03, 1.185647483106667e+00, 5.480429110291297e-01, 4.622309066039868e-01, -8.379519300660832e-11
8.765308051607967e-01, 6.810043527388865e-02, 1.368419395526866e+01, 2.104237153543128e+00, -2.226027463775096e+00, 1.084731673319990e+00, 8.470276938162402e-02, -6.300414283966409e-02, 9.949058809202261e-01, 4.157504894717584e-03, 0.000000000000000e+00, 9.366143527077569e-04, 1.824898185565711e-03, 8.942324015735470e-01, 4.191955391157324e-01, 4.687769514704341e-01, -8.382561311748304e-11
9.065308051607968e-01, 7.246689392095511e-02, 1.279940474737019e+01, 2.039521591309070e+00, -2.090480395219389e+00, 1.087243586562890e+00, 8.273069551287936e-02, -6.848658730114345e-02, 9.952335159915451e-01, 3.908283013803795e-03, 0.000000000000000e+00, 8.582011623577315e-04, 1.707874269850693e-03, 6.797769261257827e-01, 3.208882281424199e-01, 4.720493088390650e-01, -8.385314664849375e-11
9.365308051607968e-01, 7.696830422378516e-02, 1.199236107752228e+01, 1.978687868421541e+00, -1.966987331471658e+00, 1.089693856058652e+00, 8.059280198591491e-02, -7.404551747514547e-02, 9.955309225595920e-01, 3.680810804764848e-03, 0.000000000000000e+00, 7.882668033999176e-04, 1.597956261863811e-03, 5.209595251319941e-01, 2.452038468251836e-01, 4.706773463121861e-01, -8.387823768885028e-11
9.665308051607968e-01, 8.160467059333841e-02, 1.125420055897674e+01, 1.921395823796175e+00, -1.854153560204741e+00, 1.092077485593611e+00, 7.828810258476218e-02, -7.958981010177987e-02, 9.958009903186804e-01, 3.472627473110986e-03, 0.000000000000000e+00, 7.263823760107231e-04, 1.493885494338361e-03, 4.026882441369513e-01, 1.864601592785908e-01, 4.630384968853898e-01, -8.390088623855263e-11
9.965308051607968e-01, 8.637599876469602e-02, 1.057729015353191e+01, 1.867344095363091e+00, -1.750781187095942e+00, 1.094389493977380e+00, 7.581870811920757e-02, -8.500375945687876e-02, 9.960461636523489e-01, 3.281610585355665e-03, 0.000000000000000e+00, 6.722259301387547e-04, 1.394561954052167e-03, 3.141794693950008e-01, 1.405348605449530e-01, 4.473075876522860e-01, -8.392153638681066e-11
1.026530805160797e+00, 9.128229591227445e-02, 9.955026820984386e+00, 1.816264720063413e+00, -1.655836643686529e+00, 1.096625019269646e+00, 7.319058671188340e-02, -9.014592240716884e-02, 9.962685153309395e-01, 3.105921748929575e-03, 0.000000000000000e+00, 6.255630880118074e-04, 1.299026483875424e-03, 2.476602456483045e-01, 1.044063686585594e-01, 4.215709646304075e-01, -8.394041017822929e-11
1.056530805160797e+00, 9.632357075818045e-02, 9.381674933028512e+00, 1.767918613384509e+00, -1.568424299983189e+00, 1.098779445952938e+00, 7.041431869456344e-02, -9.485087689168768e-02, 9.964698077853934e-01, 2.943962202092827e-03, 0.000000000000000e+00, 5.862301804283299e-04, 1.206446468058119e-03, 1.974820206290097e-01, 7.583759140274583e-02, 3.840227640024737e-01, -8.395728556820359e-11
1.086530805160797e+00, 1.014998336712818e-01, 8.852232893687370e+00, 1.722091765413718e+00, -1.487764897130407e+00, 1.100848553354328e+00, 6.750573620246447e-02, -9.893539733385986e-02, 9.966515442955541e-01, 2.794336299454215e-03, 0.000000000000000e+00, 5.541195729369911e-04, 1.116103047275401e-03, 1.595090798763848e-01, 5.315561403988812e-02, 3.332450671841519e-01, -8.397260664594342e-11
1.116530805160797e+00, 1.068110967553221e-01, 8.362323114149403e+00, 1.678592024274507e+00, -1.413177811624346e+00, 1.102828679662557e+00, 6.448629492694732e-02, -1.022102829925794e-01, 9.968150117145463e-01, 2.655821327498400e-03, 0.000000000000000e+00, 5.291671259280904e-04, 1.027377897355954e-03, 1.306924253914920e-01, 3.509653455884919e-02, 2.685429890348791e-01, -8.398637341144877e-11
1.146530805160797e+00, 1.122573739257290e-01, 7.908100777964160e+00, 1.637246363964733e+00, -1.344066385587505e+00, 1.104716890875556e+00, 6.138300155899640e-02, -1.044980537889715e-01, 9.969613157877868e-01, 2.527342424925228e-03, 0.000000000000000e+00, 5.113419552856109e-04, 9.397378059692181e-04, 1.087701531898474e-01, 2.069512214655841e-02, 1.902647145346678e-01, -8.399880790932457e-11
1.176530805160797e+00, 1.178386809766486e-01, 7.486177812853862e+00, 1.597898553918305e+00, -1.279905727615470e+00, 1.106511138874349e+00, 5.822774017667978e-02, -1.056548580931695e-01, 9.970914097267495e-01, 2.407951642854764e-03, 0.000000000000000e+00, 5.006387984154422e-04, 8.527158734895210e-04, 9.205495407753705e-02, 9.205761322798794e-03, 1.000028886554532e-01, -8.400968809496590e-11
1.206530805160797e+00, 1.235550356419810e-01, 7.093559237016025e+00, 1.560407163430148e+00, -1.220232519455838e+00, 1.108210389204872e+00, 5.505592492860659e-02, -1.055926417250772e-01, 9.972061164914139e-01, 2.296810380465892e-03, 0.000000000000000e+00, 4.970732961591411e-04, 7.658892181439142e-04, 7.928214701957055e-02, 4.557781969814767e-05, 5.748812489512541e-04, -8.401945805758260e-11
1.236530805160797e+00, 1.294064576564170e-01, 6.727589628139487e+00, 1.524643846449738e+00, -1.164636464463004e+00, 1.109814699043796e+00, 5.190455303612045e-02, -1.042959695339702e-01, 9.973061452372536e-01, 2.193174587251221e-03, 0.000000000000000e+00, 5.006803435509555e-04, 6.788544160511878e-04, 6.950010391111068e-02, -7.246476024977545e-03, -1.042656861958890e-01, -8.402789575256975e-11
1.266530805160797e+00, 1.353929688241354e-01, 6.385907914456915e+00, 1.490491861966498e+00, -1.112753090403157e+00, 1.111325230620271e+00, 4.880990258251595e-02, -1.018281480572347e-01, 9.973921025637639e-01, 2.096382244587646e-03, 0.000000000000000e+00, 5.115153597188275e-04, 5.912031173784299e-04, 6.199057644387048e-02, -1.303895524342724e-02, -2.103376995571801e-01, -8.403500117992735e-11
1.296530805160797e+00, 1.415145931034288e-01, 6.066409040014197e+00, 1.457844792933834e+00, -1.064257676218209e+00, 1.112744194787406e+00, 4.580524510158725e-02, -9.832401017537480e-02, 9.974644994715159e-01, 2.005842734630095e-03, 0.000000000000000e+00, 5.296579619363528e-04, 5.025008085651626e-04, 5.621026478571235e-02, -1.762888676430471e-02, -3.136239765372119e-01, -8.404121842886525e-11
1.326530805160797e+00, 1.477713567148424e-01, 5.767211333991618e+00, 1.426605432931599e+00, -1.018860114104549e+00, 1.114074731116498e+00, 4.291896028376878e-02, -9.397094194994496e-02, 9.975237551631212e-01, 1.921027779482806e-03, 0.000000000000000e+00, 5.552172254883898e-04, 4.122712186353883e-04, 5.174759343981942e-02, -2.125680583890585e-02, -4.107786357954356e-01, -8.404610341017360e-11
1.356530805160797e+00, 1.541632882785925e-01, 5.486628633613952e+00, 1.396684814938545e+00, -9.763005493908301e-01, 1.115320741187780e+00, 4.017333377405036e-02, -8.898338444922706e-02, 9.975701988959071e-01, 1.841463692655820e-03, 0.000000000000000e+00, 5.883375795373283e-04, 3.199875547415251e-04, 4.829047551901015e-02, -2.411773178426148e-02, -4.994304057902108e-01, -8.405010021306225e-11
1.386530805160797e+00, 1.606904189845832e-01, 5.223146384949939e+00, 1.368001360927321e+00, -9.363456655960305e-01, 1.116486697525160e+00, 3.758413545494999e-02, -8.357734821922264e-02, 9.976040709679996e-01, 1.766724731513053e-03, 0.000000000000000e+00, 6.292044685932780e-04, 2.250701744945035e-04, 4.560210507158313e-02, -2.636945968072795e-02, -5.782509302878658e-01, -8.405298679292628e-11
1.416530805160797e+00, 1.673527827958976e-01, 4.975401085619195e+00, 1.340480134642113e+00, -8.987855037387051e-01, 1.117577450714480e+00, 3.516089363187019e-02, -7.795016544226502e-02, 9.976255236390104e-01, 1.696427376605869e-03, 0.000000000000000e+00, 6.780491524932149e-04, 1.268890977272930e-04, 4.350268528167159e-02, -2.813910889406043e-02, -6.468361369387905e-01, -8.405476314976568e-11
1.446530805160797e+00, 1.741504166847094e-01, 4.742162545671365e+00, 1.314052182947000e+00, -8.634307246344199e-01, 1.118598052743783e+00, 3.290766354413102e-02, -7.226795044568918e-02, 9.976346224480700e-01, 1.630225393701226e-03, 0.000000000000000e+00, 7.351523263396364e-04, 2.476927057764279e-05, 4.185559539182698e-02, -2.952850923546109e-02, -7.054853469179663e-01, -8.405542928358045e-11
1.476530805160797e+00, 1.810833608983983e-01, 4.522318533512734e+00, 1.288653953602595e+00, -8.301102404042219e-01, 1.119553607869020e+00, 3.082405610857693e-02, -6.666058804166368e-02, 9.976313480897697e-01, 1.567805558642368e-03, 0.000000000000000e+00, 8.008465196980509e-04, -8.200333008374906e-05, 4.055690643357018e-02, -3.061874558005043e-02, -7.549576206016140e-01, -8.405498519437060e-11
1.506530805160797e+00, 1.881516592532272e-01, 4.314861447244175e+00, 1.264226779313081e+00, -7.986691561748472e-01, 1.120449155654520e+00, 2.890632544205705e-02, -6.122245871336458e-02, 9.976155987974197e-01, 1.508883945141261e-03, 0.000000000000000e+00, 8.755174255464284e-04, -1.941761115433914e-04, 3.952743745081256e-02, -3.147402349903833e-02, -7.962576258125562e-01, -8.405365292674105e-11
1.536530805160797e+00, 1.953553594530699e-01, 4.118876711648290e+00, 1.240716419472265e+00, -7.689669747341197e-01, 1.121289585707514e+00, 2.714837689264880e-02, -5.601664632303920e-02, 9.975871930722078e-01, 1.453202692066250e-03, 0.000000000000000e+00, 9.596044038285477e-04, -3.125255348162084e-04, 3.870674319001370e-02, -3.214494080098636e-02, -8.304739213832830e-01, -8.405121043608688e-11
1.566530805160797e+00, 2.026945134311318e-01, 3.933532650057464e+00, 1.218072652312598e+00, -7.408760259370517e-01, 1.122079580467497e+00, 2.554262174784403e-02, -5.108067288533547e-02, 9.975458725658338e-01, 1.400527180397189e-03, 0.000000000000000e+00, 1.053600421864384e-03, -4.378542701428867e-04, 3.804856961058609e-02, -3.267122266681154e-02, -8.586715085794335e-01, -8.404765772240808e-11
1.596530805160797e+00, 2.101691777131887e-01, 3.758071620590668e+00, 1.196248911200308e+00, -7.142800894636849e-01, 1.122823580990566e+00, 2.408065471289492e-02, -4.643240593055845e-02, 9.974913049425382e-01, 1.350643561272807e-03, 0.000000000000000e+00, 1.158051664275067e-03, -5.709897492925252e-04, 3.751742265933569e-02, -3.308397491580622e-02, -8.818296292955435e-01, -8.404299478570465e-11
1.626530805160797e+00, 2.177794138014400e-01, 3.591802239452019e+00, 1.175201959680918e+00, -6.890731846939863e-01, 1.123525770468872e+00, 2.275376177038745e-02, -4.207537373424838e-02, 9.974230865872173e-01, 1.303356585860170e-03, 0.000000000000000e+00, 1.273556994997075e-03, -7.127838694510684e-04, 3.708597921294402e-02, -3.340751377502825e-02, -9.008125033777755e-01, -8.403722162597660e-11
1.656530805160797e+00, 2.255252885785708e-01, 3.434092541473945e+00, 1.154891600603804e+00, -6.651585054825455e-01, 1.124190070725054e+00, 2.155328191832139e-02, -3.800316531113829e-02, 9.973407450713840e-01, 1.258487695475980e-03, 0.000000000000000e+00, 1.400767401200793e-03, -8.641135605761505e-04, 3.673313351832130e-02, -3.366083306210948e-02, -9.163616015856787e-01, -8.403033824322392e-11
1.686530805160797e+00, 2.334068747320140e-01, 3.284363950925394e+00, 1.135280415270954e+00, -6.424474808418571e-01, 1.124820147724775e+00, 2.047085146784984e-02, -3.420286695263580e-02, 9.972437413284176e-01, 1.215873336771549e-03, 0.000000000000000e+00, 1.540385502855481e-03, -1.025881948292515e-03, 3.644252223026116e-02, -3.385876846025403e-02, -9.291005777898209e-01, -8.402234463744662e-11
1.716530805160797e+00, 2.414242511986941e-01, 3.142085954641699e+00, 1.116333529083649e+00, -6.208589452090140e-01, 1.125419423007093e+00, 1.949855861739200e-02, -3.065762962117648e-02, 9.971314715202674e-01, 1.175363472096555e-03, 0.000000000000000e+00, 1.693165175661658e-03, -1.199019891355665e-03, 3.620140943408815e-02, -3.401291396183504e-02, -9.395466776994498e-01, -8.401279671943485e-11
1.746530805160798e+00, 2.495775036307500e-01, 3.006771385451072e+00, 1.098018400615869e+00, -6.003184042198757e-01, 1.125991088710576e+00, 1.862903219149529e-02, -2.734851713821370e-02, 9.970032685993786e-01, 1.136820259577273e-03, 0.000000000000000e+00, 1.859911309048287e-03, -1.384487724803180e-03, 3.599984231277267e-02, -3.413233891171796e-02, -9.481246783019344e-01, -8.400213857839844e-11
1.776530805160798e+00, 2.578667248828707e-01, 2.877972237225351e+00, 1.080304631435983e+00, -5.807573838357775e-01, 1.126538124519979e+00, 1.785548375158115e-02, -2.425579163721088e-02, 9.968584035835134e-01, 1.100116881142948e-03, 0.000000000000000e+00, 2.041479703323047e-03, -1.583277086551953e-03, 3.583001035076809e-02, -3.422414668531529e-02, -9.551810437749881e-01, -8.398970408052264e-11
1.806530805160798e+00, 2.662920155219720e-01, 2.755275944116653e+00, 1.063163794337525e+00, -5.621128523182759e-01, 1.127063315366079e+00, 1.717171780904247e-02, -2.135977589562692e-02, 9.966960865692314e-01, 1.065136499838490e-03, 0.000000000000000e+00, 2.238777098882296e-03, -1.796412742599079e-03, 3.568575775539314e-02, -3.429390881004215e-02, -9.609970746623520e-01, -8.397593731501729e-11
1.836530805160798e+00, 2.748534843599973e-01, 2.638302066020822e+00, 1.046569277933162e+00, -5.443267059683731e-01, 1.127569269093980e+00, 1.657212105051923e-02, -1.864140710821819e-02, 9.965154675137491e-01, 1.031771330377517e-03, 0.000000000000000e+00, 2.452761323795254e-03, -2.024954353929207e-03, 3.556221139532885e-02, -3.434600181000798e-02, -9.658005074037488e-01, -8.396083828188239e-11
1.866530805160798e+00, 2.835512490106533e-01, 2.526699330329627e+00, 1.030496145819671e+00, -5.273453107701433e-01, 1.128058433594795e+00, 1.605163843358476e-02, -1.608257131766434e-02, 9.963156368161981e-01, 9.999218091013926e-04, 0.000000000000000e+00, 2.684441542588663e-03, -2.269998148042479e-03, 3.545549600856285e-02, -3.438386844973312e-02, -9.697754176511610e-01, -8.394396289190809e-11
1.896530805160798e+00, 2.923854364709049e-01, 2.420142986839597e+00, 1.014921008741304e+00, -5.111190931315683e-01, 1.128533113094742e+00, 1.560574167725756e-02, -1.366628553984985e-02, 9.960956257288998e-01, 9.694958513859014e-04, 0.000000000000000e+00, 2.934878587565387e-03, -2.532678471440739e-03, 3.536251549812230e-02, -3.441022040831981e-02, -9.730704935328187e-01, -8.392553318969931e-11
1.926530805160798e+00, 3.013561837280557e-01, 2.318332438475534e+00, 9.998219083692905e-01, -4.956021738208173e-01, 1.128995483434033e+00, 1.523039394084643e-02, -1.137677665409459e-02, 9.958544066279666e-01, 9.404081861335392e-04, 0.000000000000000e+00, 3.205185353710312e-03, -2.814169208097122e-03, 3.528078441031220e-02, -3.442719566014987e-02, -9.758058454643417e-01, -8.390510508604621e-11
1.956530805160798e+00, 3.104636383932278e-01, 2.220989115425548e+00, 9.851782114802303e-01, -4.807520399746171e-01, 1.129447606261967e+00, 1.492201323031813e-02, -9.199492248126263e-03, 9.955908931707745e-01, 9.125797583515584e-04, 0.000000000000000e+00, 3.496527238640201e-03, -3.115685054249156e-03, 3.520829762972891e-02, -3.443648085427242e-02, -9.780785545619565e-01, -8.388312267015863e-11
1.986530805160798e+00, 3.197079593620493e-01, 2.127854564507612e+00, 9.709705134595958e-01, -4.665292507245353e-01, 1.129891442136593e+00, 1.467743617934865e-02, -7.121068220027546e-03, 9.953039403659399e-01, 8.859371919815685e-04, 0.000000000000000e+00, 3.810122609796205e-03, -3.438482642844481e-03, 3.514342926866355e-02, -3.443940664293885e-02, -9.799671619880174e-01, -8.385891980822180e-11
2.016530805160798e+00, 3.290893175033353e-01, 2.038688729207581e+00, 9.571805501813115e-01, -4.528971725625769e-01, 1.130328862556827e+00, 1.449388322825137e-02, -5.129270340104413e-03, 9.949923445795754e-01, 8.604123061465154e-04, 0.000000000000000e+00, 4.147243281943224e-03, -3.783861512396345e-03, 3.508485393036712e-02, -3.443702208796324e-02, -9.815352846077219e-01, -8.383249650023572e-11
2.046530805160797e+00, 3.386078963765333e-01, 1.953268398938920e+00, 9.437911174231287e-01, -4.398217410629297e-01, 1.130761660978743e+00, 1.436892579446456e-02, -3.212921510299310e-03, 9.946548434998670e-01, 8.359416788408966e-04, 0.000000000000000e+00, 4.509214988900756e-03, -4.153164915415616e-03, 3.503148517573126e-02, -3.443015286474045e-02, -9.828345184917425e-01, -8.380429683541024e-11
2.076530805160797e+00, 3.482638929786814e-01, 1.871385808752829e+00, 9.307859970724438e-01, -4.272712460036382e-01, 1.131191562880922e+00, 1.430045573769332e-02, -1.361822581505315e-03, 9.942901160805016e-01, 8.124662528314906e-04, 0.000000000000000e+00, 4.897417834214096e-03, -4.547780461351657e-03, 3.498242726218978e-02, -3.441944689850392e-02, -9.839067666898476e-01, -8.377343263532566e-11
2.106530805160797e+00, 3.580575185216053e-01, 1.792847373039200e+00, 9.181498894602328e-01, -4.152161373004001e-01, 1.131620234949731e+00, 1.428665723021399e-02, 4.333281293526932e-04, 9.938967824821560e-01, 7.899309791764227e-04, 0.000000000000000e+00, 5.313286706148224e-03, -4.969140588350776e-03, 3.493693715664531e-02, -3.440541023339625e-02, -9.847861041491452e-01, -8.374034798919183e-11
2.136530805160797e+00, 3.679889992400558e-01, 1.717472538758298e+00, 9.058683512335215e-01, -4.036288494830558e-01, 1.132049293456735e+00, 1.432598101861829e-02, 2.181013365675919e-03, 9.934734040301477e-01, 7.682844943250058e-04, 0.000000000000000e+00, 5.758311642936886e-03, -5.418722857297708e-03, 3.489439452854443e-02, -3.438843529474100e-02, -9.855002718734795e-01, -8.370482085240383e-11
2.166530805160797e+00, 3.780585772314622e-01, 1.645092745476215e+00, 8.939277382406586e-01, -3.924836427209506e-01, 1.132480311898765e+00, 1.441712098619155e-02, 3.888971536484460e-03, 9.930184832054428e-01, 7.474788272420062e-04, 0.000000000000000e+00, 6.234038134648070e-03, -5.898050060654844e-03, 3.485427796243298e-02, -3.436882321362506e-02, -9.860718747543369e-01, -8.366640713575180e-11
2.196530805160796e+00, 3.882665113279489e-01, 1.575550480982252e+00, 8.823151529598009e-01, -3.817564586423266e-01, 1.132914827967711e+00, 1.455899288017003e-02, 5.564266310617325e-03, 9.925304636854893e-01, 7.274691334183276e-04, 0.000000000000000e+00, 6.742067348343134e-03, -6.408690137629324e-03, 3.481614603419649e-02, -3.434680150572277e-02, -9.865193428355704e-01, -8.362532888384067e-11
2.226530805160796e+00, 3.986130780012320e-01, 1.508698422576364e+00, 8.710183960504856e-01, -3.714247894005008e-01, 1.133354349912625e+00, 1.475071504476071e-02, 7.213350692135817e-03, 9.920077304507450e-01, 7.082134529945011e-04, 0.000000000000000e+00, 7.284056263423317e-03, -6.952255886226722e-03, 3.477962220355774e-02, -3.432253810642914e-02, -9.868577037883453e-01, -8.358136405206551e-11
2.256530805160796e+00, 4.090985723009805e-01, 1.444398655256816e+00, 8.600259216518046e-01, -3.614675586202376e-01, 1.133800362351810e+00, 1.499159099168757e-02, 8.842125448828399e-03, 9.914486099723377e-01, 6.896724905413786e-04, 0.000000000000000e+00, 7.861717704189442e-03, -7.530404461823422e-03, 3.474438271100223e-02, -3.429615254129535e-02, -9.870992046848210e-01, -8.353429059582140e-11
2.286530805160796e+00, 4.197233088271904e-01, 1.382521959035929e+00, 8.493267960892784e-01, -3.518650130152213e-01, 1.134254331587476e+00, 1.528109364007243e-02, 1.045599200577583e-02, 9.908513704959434e-01, 6.718094143204423e-04, 0.000000000000000e+00, 8.476820256703736e-03, -8.144836651028463e-03, 3.471014684787116e-02, -3.426772483879011e-02, -9.872538133871888e-01, -8.348366442589850e-11
2.316530805160796e+00, 4.304876227370850e-01, 1.322947158484828e+00, 8.389106596866905e-01, -3.425986236050865e-01, 1.134717710470592e+00, 1.561885106318475e-02, 1.205990006083156e-02, 9.902142224367189e-01, 6.545896730896352e-04, 0.000000000000000e+00, 9.131188057052068e-03, -8.797295908823987e-03, 3.467666910719141e-02, -3.423730265957761e-02, -9.873296236655358e-01, -8.343015167611156e-11
2.346530805160795e+00, 4.413918707870078e-01, 1.265560528373543e+00, 8.287676914094484e-01, -3.336509955808045e-01, 1.135191942858812e+00, 1.600463358864108e-02, 1.365839025960417e-02, 9.895353188999365e-01, 6.379808287342223e-04, 0.000000000000000e+00, 9.826700438075722e-03, -9.489567146282534e-03, 3.464373282989080e-02, -3.420490701368253e-02, -9.873331832235570e-01, -8.337308621264583e-11
2.376530805160795e+00, 4.524364324097382e-01, 1.210255249944978e+00, 8.188885760929467e-01, -3.250057859727028e-01, 1.135678467705916e+00, 1.643834210941980e-02, 1.525563230563629e-02, 9.888127563418463e-01, 6.219524031899230e-04, 0.000000000000000e+00, 1.056529142158834e-02, -1.022347525556815e-02, 3.461114504389326e-02, -3.417053685714075e-02, -9.872697598939955e-01, -8.331224599089637e-11
2.406530805160795e+00, 4.636217108276043e-01, 1.156930912952533e+00, 8.092644740333742e-01, -3.166476283679914e-01, 1.136178722817085e+00, 1.691999747453773e-02, 1.685545889184634e-02, 9.880445753851751e-01, 6.064757382907521e-04, 0.000000000000000e+00, 1.134894904302915e-02, -1.100088335844555e-02, 3.457873225789003e-02, -3.413417279770053e-02, -9.871435581595660e-01, -8.324740896625826e-11
2.436530805160795e+00, 4.749481342017213e-01, 1.105493059112171e+00, 7.998869927397398e-01, -3.085620640060999e-01, 1.136694148300583e+00, 1.744973083974397e-02, 1.846139583215221e-02, 9.872287618035961e-01, 5.915238673196699e-04, 0.000000000000000e+00, 1.217971449544202e-02, -1.182369076415538e-02, 3.454633702164368e-02, -3.409578009078051e-02, -9.869578956929389e-01, -8.317879718333643e-11
2.466530805160795e+00, 4.864161568176248e-01, 1.055852763079448e+00, 7.907481606649562e-01, -3.007354786518555e-01, 1.137226189742989e+00, 1.802777486970794e-02, 2.007668875448890e-02, 9.863632476894205e-01, 5.770713971687278e-04, 0.000000000000000e+00, 1.305968107962280e-02, -1.269383062227363e-02, 3.451381510377618e-02, -3.405531106910121e-02, -9.867153476572689e-01, -8.310596655292102e-11
2.496530805160794e+00, 4.980262603075111e-01, 1.007926247468438e+00, 7.818404027508398e-01, -2.931550447098079e-01, 1.137776301132033e+00, 1.865445569367151e-02, 2.170432669285334e-02, 9.854459128186694e-01, 5.630944001290935e-04, 0.000000000000000e+00, 1.399099294725873e-02, -1.361326725606885e-02, 3.448103316861523e-02, -3.401270711980144e-02, -9.864178649600307e-01, -8.302869503040711e-11
2.526530805160794e+00, 5.097789549092305e-01, 9.616345287891621e-01, 7.731565176371394e-01, -2.858086680989097e-01, 1.138345947548285e+00, 1.933018552627287e-02, 2.334706288967322e-02, 9.844745862275587e-01, 5.495703144320119e-04, 0.000000000000000e+00, 1.497584362390307e-02, -1.458399316191273e-02, 3.444786685773216e-02, -3.396790029960141e-02, -9.860668714230409e-01, -8.294676057118977e-11
2.556530805160794e+00, 5.216747807621119e-01, 9.169030914990854e-01, 7.646896563983684e-01, -2.786849394562335e-01, 1.138936607644443e+00, 2.005545587418293e-02, 2.500743309273021e-02, 9.834470480142689e-01, 5.364778527510239e-04, 0.000000000000000e+00, 1.601647429870079e-02, -1.560802566049921e-02, 3.441419920076310e-02, -3.392081466026833e-02, -9.856633438536083e-01, -8.286016317526901e-11
2.586530805160794e+00, 5.337143092396218e-01, 8.736615876473153e-01, 7.564333026844826e-01, -2.717730892822346e-01, 1.139549775928709e+00, 2.083083125732131e-02, 2.668777160435515e-02, 9.823610313796678e-01, 5.237969179550246e-04, 0.000000000000000e+00, 1.711517186791487e-02, -1.668740318599690e-02, 3.437991929508834e-02, -3.387136734219314e-02, -9.852078782230342e-01, -8.276868079803990e-11
2.616530805160794e+00, 5.458981443187850e-01, 8.318435598418810e-01, 7.483812541524812e-01, -2.650629466789624e-01, 1.140186964866716e+00, 2.165694338076911e-02, 2.839022531542602e-02, 9.812142249203594e-01, 5.115085254721917e-04, 0.000000000000000e+00, 1.827426671951286e-02, -1.782418119981134e-02, 3.434492120581936e-02, -3.381946948245464e-02, -9.847007445375743e-01, -8.267209139489751e-11
2.646530805160793e+00, 5.582269239862071e-01, 7.913861854945363e-01, 7.405276050859320e-01, -2.585449013671732e-01, 1.140849706814640e+00, 2.253448570011524e-02, 3.011676593327521e-02, 9.800042751870846e-01, 4.995947316875496e-04, 0.000000000000000e+00, 1.949613024636851e-02, -1.902042771638156e-02, 3.430910304698227e-02, -3.376502697468022e-02, -9.841419324907155e-01, -8.257017292123692e-11
2.676530805160793e+00, 5.707013216804518e-01, 7.522300404972986e-01, 7.328667301083762e-01, -2.522098686990382e-01, 1.141539555794540e+00, 2.346420832891937e-02, 3.186920059115140e-02, 9.787287895210461e-01, 4.880385678528180e-04, 0.000000000000000e+00, 2.078317207602654e-02, -2.027821842939214e-02, 3.427236621231045e-02, -3.370794111080189e-02, -9.835311895883682e-01, -8.246270333245320e-11
2.706530805160793e+00, 5.833220477704315e-01, 7.143188806632483e-01, 7.253932689046507e-01, -2.460492574105053e-01, 1.142258089121456e+00, 2.444691324230742e-02, 3.364918100744552e-02, 9.773853391801812e-01, 4.768239790370782e-04, 0.000000000000000e+00, 2.213783700548067e-02, -2.159963142796101e-02, 3.423461473007242e-02, -3.364810912905874e-02, -9.828680531199762e-01, -8.234946058394144e-11
2.736530805160793e+00, 5.960898510693671e-01, 6.775994394234870e-01, 7.181021118714653e-01, -2.400549398817873e-01, 1.143006908890551e+00, 2.548344973549499e-02, 3.545821134543755e-02, 9.759714627667333e-01, 4.659357676913400e-04, 0.000000000000000e+00, 2.356260163003614e-02, -2.298674149377852e-02, 3.419575472118164e-02, -3.358542468800316e-02, -9.821518770924968e-01, -8.223044467570162e-11
2.766530805160793e+00, 6.090055203837703e-01, 6.420212404147683e-01, 7.109883866251920e-01, -2.342192246962222e-01, 1.143787643331356e+00, 2.657471010031904e-02, 3.729765490876195e-02, 9.744846699666893e-01, 4.553595414399393e-04, 0.000000000000000e+00, 2.505997065608076e-02, -2.444161397183571e-02, 3.415569394370888e-02, -3.351977828258747e-02, -9.813818550380079e-01, -8.210498947391898e-11
2.796530805160792e+00, 6.220698860967869e-01, 6.075364237201020e-01, 7.040474453008134e-01, -2.285348313072175e-01, 1.144601948035166e+00, 2.772162548670275e-02, 3.916873979399550e-02, 9.729224456107189e-01, 4.450816647473620e-04, 0.000000000000000e+00, 2.663247288848037e-02, -2.596629820930281e-02, 3.411434141003946e-02, -3.345105761544975e-02, -9.805570394392982e-01, -8.197331702319843e-11
2.826530805160792e+00, 6.352838217851232e-01, 5.740995846392536e-01, 6.972748525814232e-01, -2.229948666403877e-01, 1.145451507060686e+00, 2.892516191943436e-02, 4.107256360960147e-02, 9.712822540651710e-01, 4.350892141410551e-04, 0.000000000000000e+00, 2.828265688435830e-02, -2.756282055931178e-02, 3.407160706544058e-02, -3.337914793413454e-02, -9.796763583832119e-01, -8.183520527893506e-11
2.856530805160792e+00, 6.486482458686538e-01, 5.416676239690197e-01, 6.906663744026194e-01, -2.175928034735674e-01, 1.146338033922161e+00, 3.018631644375361e-02, 4.301009735977415e-02, 9.695615439604608e-01, 4.253699366994651e-04, 0.000000000000000e+00, 3.001308626622009e-02, -2.923317694886812e-02, 3.402740151884683e-02, -3.330393234305696e-02, -9.787386299424256e-01, -8.169021015191902e-11
2.886530805160792e+00, 6.621641232916801e-01, 5.101996088657086e-01, 6.842179672806368e-01, -2.123224604513327e-01, 1.147263272463525e+00, 3.150611337605273e-02, 4.498218858237042e-02, 9.677577532627812e-01, 4.159122115402846e-04, 0.000000000000000e+00, 3.182633468875497e-02, -3.097932501287519e-02, 3.398163581833214e-02, -3.322529209745560e-02, -9.777425746976983e-01, -8.153810959754537e-11
2.916530805160792e+00, 6.758324672346723e-01, 4.796566434455798e-01, 6.779257682171773e-01, -2.071779836031633e-01, 1.148228997621360e+00, 3.288560063854873e-02, 4.698956382195543e-02, 9.658683146935018e-01, 4.067050140670376e-04, 0.000000000000000e+00, 3.372498045518897e-02, -3.280317579930062e-02, 3.393422126508733e-02, -3.314310688530617e-02, -9.766868267404419e-01, -8.137890361581412e-11
2.946530805160791e+00, 6.896543408551861e-01, 4.500017483540795e-01, 6.717860851376490e-01, -2.021538292455905e-01, 1.149237016078935e+00, 3.432584615910612e-02, 4.903283051189652e-02, 9.638906614988830e-01, 3.977378827529523e-04, 0.000000000000000e+00, 3.571160078078855e-02, -3.470658505385332e-02, 3.388506926082531e-02, -3.305725510212594e-02, -9.755699434365209e-01, -8.121214811751543e-11
2.976530805160791e+00, 7.036308590565001e-01, 4.211997486024159e-01, 6.657953878229631e-01, -1.972447481587405e-01, 1.150289166812994e+00, 3.582793431951247e-02, 5.111247833329447e-02, 9.618222335707945e-01, 3.890008882598188e-04, 0.000000000000000e+00, 3.778876570302179e-02, -3.669134409616670e-02, 3.383409118443807e-02, -3.296761412274135e-02, -9.743904141839267e-01, -8.103806514725420e-11
3.006530805160791e+00, 7.177631902823656e-01, 3.932171690312001e-01, 6.599502992981855e-01, -1.924457709367102e-01, 1.151387321534535e+00, 3.739296243746154e-02, 5.322888011323199e-02, 9.596604839170272e-01, 3.804846047064373e-04, 0.000000000000000e+00, 3.995903163997833e-02, -3.875917030339399e-02, 3.378119829446933e-02, -3.287406057338164e-02, -9.731466683573445e-01, -8.085598857121568e-11
3.036530805160791e+00, 7.320525583361008e-01, 3.660221368161367e-01, 6.542475876442354e-01, -1.877521944193375e-01, 1.152533385024397e+00, 3.902203726930264e-02, 5.538229232024716e-02, 9.574028854774848e-01, 3.721800829165105e-04, 0.000000000000000e+00, 4.222493460093045e-02, -4.091169722130494e-02, 3.372630165457390e-02, -3.277647060686873e-02, -9.718370826000022e-01, -8.066569634479492e-11
3.066530805160791e+00, 7.465002442221030e-01, 3.395842904807869e-01, 6.486841582014824e-01, -1.831595691202098e-01, 1.153729295364084e+00, 4.071627152229174e-02, 5.757285521101262e-02, 9.550469382800615e-01, 3.640788254896133e-04, 0.000000000000000e+00, 4.458898305538356e-02, -4.315046432741446e-02, 3.366931207963490e-02, -3.267472018317558e-02, -9.704599875962153e-01, -8.046718846799195e-11
3.096530805160790e+00, 7.611075880076764e-01, 3.138746949267233e-01, 6.432570461365497e-01, -1.786636875723207e-01, 1.154977024061992e+00, 4.247678036664759e-02, 5.980059267883288e-02, 9.525901769273587e-01, 3.561727635513367e-04, 0.000000000000000e+00, 4.705365046961053e-02, -4.547690647535158e-02, 3.361014010062170e-02, -3.256868535720087e-02, -9.690136744356632e-01, -8.026024289620182e-11
3.126530805160790e+00, 7.758759907029075e-01, 2.888657620324695e-01, 6.379634093458985e-01, -1.742605735186737e-01, 1.156278576074879e+00, 4.430467793918984e-02, 6.206541185169260e-02, 9.500301784025558e-01, 3.484542350499805e-04, 0.000000000000000e+00, 4.962136752248353e-02, -4.789234305456896e-02, 3.354869594661137e-02, -3.245824257524374e-02, -9.674964006618036e-01, -8.004463758481961e-11
3.156530805160790e+00, 7.908069161561366e-01, 2.645311764098941e-01, 6.328005216718694e-01, -1.699464718804441e-01, 1.157635989724235e+00, 4.620107383173058e-02, 6.436710248512070e-02, 9.473645701797641e-01, 3.409159644774103e-04, 0.000000000000000e+00, 5.229451401539874e-02, -5.039796690456174e-02, 3.348488954267621e-02, -3.234326898134438e-02, -9.659063960812283e-01, -7.981992844463548e-11
3.186530805160790e+00, 8.059018929623963e-01, 2.408458259405781e-01, 6.277657664088029e-01, -1.657178394400816e-01, 1.159051336507004e+00, 4.816706955871579e-02, 6.670533619302399e-02, 9.445910386210515e-01, 3.335510439009794e-04, 0.000000000000000e+00, 5.507541049422036e-02, -5.299483302797848e-02, 3.341863052257169e-02, -3.222364273437499e-02, -9.642418683976420e-01, -7.958633752025435e-11
3.216530805160790e+00, 8.211625163820003e-01, 2.177857367454477e-01, 6.228566300786770e-01, -1.615713361810415e-01, 1.160526720799971e+00, 5.020375499988008e-02, 6.907966555782565e-02, 9.417073376390515e-01, 3.263529152018763e-04, 0.000000000000000e+00, 5.796630960443370e-02, -5.568384715231636e-02, 3.334982825534918e-02, -3.209924333651401e-02, -9.625010087230483e-01, -7.934342072246636e-11
3.246530805160790e+00, 8.365904502662811e-01, 1.953280122689742e-01, 6.180706964573887e-01, -1.575038172297128e-01, 1.162064279457012e+00, 5.231220481489407e-02, 7.148952315966826e-02, 9.387112976006879e-01, 3.193153534229627e-04, 0.000000000000000e+00, 6.096938720407130e-02, -5.846575419524942e-02, 3.327839188517408e-02, -3.196995197350613e-02, -9.606819970092700e-01, -7.909117805127153e-11
3.276530805160789e+00, 8.521874289872809e-01, 1.734507761847366e-01, 6.134056408343848e-01, -1.535123253486060e-01, 1.163666181298340e+00, 5.449347482815502e-02, 7.393422056306048e-02, 9.356008344440829e-01, 3.124324511362139e-04, 0.000000000000000e+00, 6.408673326243887e-02, -6.134112669398516e-02, 3.320423038375812e-02, -3.183565186689853e-02, -9.587830074348287e-01, -7.882894337285506e-11
3.306530805160789e+00, 8.679552593680141e-01, 1.521331188523840e-01, 6.088592244898298e-01, -1.495940839330338e-01, 1.165334626490836e+00, 5.674859838300444e-02, 7.641294729811418e-02, 9.323739589771795e-01, 3.056986037463195e-04, 0.000000000000000e+00, 6.732034257618873e-02, -6.431035326431628e-02, 3.312725261491808e-02, -3.169622863824403e-02, -9.568022137752037e-01, -7.855716077642683e-11
3.336530805160789e+00, 8.838958226097200e-01, 1.313550470772451e-01, 6.044292893748852e-01, -1.457464904663727e-01, 1.167071845818552e+00, 5.907858266575314e-02, 7.892476987239451e-02, 9.290287863230605e-01, 2.991084956529340e-04, 0.000000000000000e+00, 7.067210533783752e-02, -6.737362716016158e-02, 3.304736741085647e-02, -3.155157068507244e-02, -9.547377947783930e-01, -7.827538617277696e-11
3.366530805160789e+00, 9.000110762123392e-01, 1.110974369431765e-01, 6.001137529819842e-01, -1.419671103915968e-01, 1.168880099842502e+00, 6.148440500095954e-02, 8.146863084835386e-02, 9.255635454734008e-01, 2.926570871995286e-04, 0.000000000000000e+00, 7.414379759536664e-02, -7.053093500929748e-02, 3.296448365982553e-02, -3.140156956824978e-02, -9.525879395623448e-01, -7.798339751730055e-11
3.396530805160789e+00, 9.163030558842492e-01, 9.134198950693406e-02, 5.959106033932189e-01, -1.382536713591313e-01, 1.170761677948901e+00, 6.396700912044036e-02, 8.404334802030321e-02, 9.219765889079832e-01, 2.863396023418471e-04, 0.000000000000000e+00, 7.773707164503735e-02, -7.378204580558891e-02, 3.287851040488667e-02, -3.124612041016861e-02, -9.503508530460846e-01, -7.768119480999758e-11
3.426530805160788e+00, 9.327738774371073e-01, 7.207118915851662e-02, 5.918178944961210e-01, -1.346040578132358e-01, 1.172718897285130e+00, 6.652730140949652e-02, 8.664761372386094e-02, 9.182664022348055e-01, 2.801515169736669e-04, 0.000000000000000e+00, 8.145344640295817e-02, -7.712650024224921e-02, 3.278935695351452e-02, -3.108512230304071e-02, -9.480247614221313e-01, -7.736855600626313e-11
3.456530805160788e+00, 9.494257386614608e-01, 5.326826446672994e-02, 5.878337413572247e-01, -1.310163058810994e-01, 1.174754101582800e+00, 6.916614713480988e-02, 8.927999430978489e-02, 9.144316138020268e-01, 2.740885478519388e-04, 0.000000000000000e+00, 8.529429780421237e-02, -8.056360047440807e-02, 3.269693299782141e-02, -3.091847872639577e-02, -9.456079176739870e-01, -7.704548110609721e-11
3.486530805160788e+00, 9.662609211786002e-01, 3.491715134277240e-02, 5.839563157448416e-01, -1.274885985306566e-01, 1.176869659867443e+00, 7.188436665940727e-02, 9.193892981300401e-02, 9.104710042299139e-01, 2.681466420674863e-04, 0.000000000000000e+00, 8.926084928144226e-02, -8.409240040245092e-02, 3.260114874519329e-02, -3.074609797272417e-02, -9.430986071390310e-01, -7.671174806489489e-11
3.512530327831014e+00, 9.810012548551076e-01, 1.936668791284935e-02, 5.806808964423502e-01, -1.244785783295509e-01, 1.178769954683661e+00, 7.430491428527215e-02, 9.426347750107036e-02, 9.069359444973494e-01, 2.630920413271243e-04, 0.000000000000000e+00, 9.280096361415117e-02, -8.722388703200352e-02, 3.251535030183788e-02, -3.059199647681078e-02, -9.408478208854363e-01, -7.641376420508550e-11
3.527253449200395e+00, 9.894109276195855e-01, 1.070240087795549e-02, 5.788606076626563e-01, -1.227931078016459e-01, 1.179874219507605e+00, 7.570250830497227e-02, 9.558767409589973e-02, 9.048916062182936e-01, 2.602678449230216e-04, 0.000000000000000e+00, 9.484812608926682e-02, -8.902699205177377e-02, 3.246559316003394e-02, -3.050277119080109e-02, -9.395414721191930e-01, -7.624167963626860e-11
3.535485279986786e+00, 9.941326775484156e-01, 5.901951101792147e-03, 5.778536527837319e-01, -1.218566677302591e-01, 1.180500636785300e+00, 7.649242575486834e-02, 9.633040902128086e-02, 9.037351609874924e-01, 2.587006315306336e-04, 0.000000000000000e+00, 9.600613853326567e-02, -9.004442317400803e-02, 3.243739946629395e-02, -3.045226233683123e-02, -9.388009778180431e-01, -7.614442409931144e-11
3.540054421482204e+00, 9.967596832829606e-01, 3.250850502266589e-03, 5.772980562345820e-01, -1.213387083325035e-01, 1.180851148485984e+00, 7.693351629954587e-02, 9.674338256242687e-02, 9.030891006784365e-01, 2.578343622315952e-04, 0.000000000000000e+00, 9.665306511151169e-02, -9.061201739691360e-02, 3.242163369650480e-02, -3.042403367150374e-02, -9.383868177741946e-01, -7.608980112649988e-11
3.542580226838589e+00, 9.982137750651910e-01, 1.789421243653333e-03, 5.769919392593647e-01, -1.210529371514660e-01, 1.181045776412990e+00, 7.717815980143733e-02, 9.697188794508733e-02, 9.027306831208377e-01, 2.573565964112863e-04, 0.000000000000000e+00, 9.701196043487019e-02, -9.092665509350770e-02, 3.241288254899062e-02, -3.040836960433166e-02, -9.381569059268569e-01, -7.605960306023007e-11
3.543973316006690e+00, 9.990163457765149e-01, 9.846227518135464e-04, 5.768234114061271e-01, -1.208954908543579e-01, 1.181153386608752e+00, 7.731333811386674e-02, 9.709798334208804e-02, 9.025326111533870e-01, 2.570934238356357e-04, 0.000000000000000e+00, 9.721029557486294e-02, -9.110045679326748e-02, 3.240804496143774e-02, -3.039971209993820e-02, -9.380298051335940e-01, -7.604272767025577e-11
3.544740698869132e+00, 9.994586170846781e-01, 5.416761695458128e-04, 5.767306715382662e-01, -1.208088127542360e-01, 1.181212744135635e+00, 7.738787609996438e-02, 9.716746259327519e-02, 9.024233849609574e-01, 2.569485570384724e-04, 0.000000000000000e+00, 9.731966663407153e-02, -9.119627599586552e-02, 3.240537684572802e-02, -3.039493761404958e-02, -9.379597021429648e-01, -7.603362384145385e-11
3.545163118421131e+00, 9.997021263920441e-01, 2.979623630798844e-04, 5.766796496083773e-01, -1.207611147493996e-01, 1.181245442957923e+00, 7.742892961503525e-02, 9.720571461816821e-02, 9.023632235941772e-01, 2.568688433534517e-04, 0.000000000000000e+00, 9.737990771452658e-02, -9.124904579229098e-02, 3.240390712326417e-02, -3.039230774497453e-02, -9.379210855457175e-01, -7.602851681554057e-11
3.545395557911013e+00, 9.998361353077433e-01, 1.638915482948811e-04, 5.766515830063110e-01, -1.207348732604832e-01, 1.181263443124935e+00, 7.745152650818529e-02, 9.722676487313744e-02, 9.023301084931428e-01, 2.568249896373846e-04, 0.000000000000000e+00, 9.741306666927160e-02, -9.127809015461248e-02, 3.240309809137091e-02, -3.039086013464970e-02, -9.378998282495378e-01, -7.602585228028147e-11
3.545523432547428e+00, 9.999098640673763e-01, 9.014405784246726e-05, 5.766361450012434e-01, -1.207204381452871e-01, 1.181273348005681e+00, 7.746396008585779e-02, 9.723834603721690e-02, 9.023118872096386e-01, 2.568008667066225e-04, 0.000000000000000e+00, 9.743131207570352e-02, -9.129407090372707e-02, 3.240265291654944e-02, -3.039006359097709e-02, -9.378881312355620e-01, -7.602429796804699e-11
3.545593773558883e+00, 9.999504221049469e-01, 4.958035314261977e-05, 5.766276536827769e-01, -1.207124981370594e-01, 1.181278797139550e+00, 7.747080015353051e-02, 9.724471674381695e-02, 9.023018630891749e-01, 2.567875980697986e-04, 0.000000000000000e+00, 9.744134946480221e-02, -9.130286223741790e-02, 3.240240800766083e-02, -3.038962538360767e-02, -9.378816962129086e-01, -7.602340978962729e-11
3.545632464129187e+00, 9.999727312101467e-01, 2.726953346043892e-05, 5.766229833318665e-01, -1.207081309222959e-01, 1.181281794601777e+00, 7.747456267487021e-02, 9.724822095508513e-02, 9.022963490923214e-01, 2.567803000094521e-04, 0.000000000000000e+00, 9.744687075971543e-02, -9.130769805239722e-02, 3.240227328878848e-02, -3.038938433676941e-02, -9.378781564466482e-01, -7.602296570041744e-11
3.545653744854702e+00, 9.999850018789211e-01, 1.499834602580741e-05, 5.766204146008234e-01, -1.207057288905722e-01, 1.181283443338700e+00, 7.747663220807555e-02, 9.725014836889159e-02, 9.022933161730122e-01, 2.567762859824482e-04, 0.000000000000000e+00, 9.744990769305112e-02, -9.131035792654782e-02, 3.240219918766516e-02, -3.038925175108931e-02, -9.378762094227809e-01, -7.602274365581252e-11
3.545665449529587e+00, 9.999917509466890e-01, 8.249121358439027e-06, 5.766190017872416e-01, -1.207044077538830e-01, 1.181284350184153e+00, 7.747777049564891e-02, 9.725120847601362e-02, 9.022916480005221e-01, 2.567740782392159e-04, 0.000000000000000e+00, 9.745157807328421e-02, -9.131182091054797e-02, 3.240215843030977e-02, -3.038917882596448e-02, -9.378751385135411e-01, -7.602274365581252e-11
3.545671887184223e+00, 9.999954629944464e-01, 4.537026138118350e-06, 5.766182247362903e-01, -1.207036811228832e-01, 1.181284848961297e+00, 7.747839656721879e-02, 9.725179154386344e-02, 9.022907304854234e-01, 2.567728639718528e-04, 0.000000000000000e+00, 9.745249680265015e-02, -9.131262556784696e-02, 3.240213601323867e-02, -3.038913871623805e-02, -9.378745494995095e-01, -7.602274365581252e-11
3.545675427919516e+00, 9.999975046390100e-01, 2.495367216859279e-06, 5.766177973572141e-01, -1.207032814740726e-01, 1.181285123292399e+00, 7.747874091063719e-02, 9.725211223388303e-02, 9.022902258459995e-01, 2.567721961222061e-04, 0.000000000000000e+00, 9.745300210992348e-02, -9.131306813423143e-02, 3.240212368369056e-02, -3.038911665561392e-02, -9.378742255375724e-01, -7.602252161120759e-11
3.545677375331564e+00, 9.999986275490550e-01, 1.372452828718451e-06, 5.766175622984036e-01, -1.207030616666940e-01, 1.181285274175617e+00, 7.747893030074396e-02, 9.725228861421120e-02, 9.022899482924653e-01, 2.567718288041148e-04, 0.000000000000000e+00, 9.745328003077575e-02, -9.131331154721606e-02, 3.240211690239099e-02, -3.038910452218756e-02, -9.378740473572303e-01, -7.602252161120759e-11
3.545678446410500e+00, 9.999992451512540e-01, 7.548493157205627e-07, 5.766174330159614e-01, -1.207029407724747e-01, 1.181285357161723e+00, 7.747903446567375e-02, 9.725238562363896e-02, 9.022897956374619e-01, 2.567716267789270e-04, 0.000000000000000e+00, 9.745343288780474e-02, -9.131344542480327e-02, 3.240211317266168e-02, -3.038909784877794e-02, -9.378739493576561e-01, -7.602274365581252e-11
3.545679035504614e+00, 9.999995848329700e-01, 4.151672023944286e-07, 5.766173619105890e-01, -1.207028742806053e-01, 1.181285402804183e+00, 7.747909175649739e-02, 9.725243897889903e-02, 9.022897116770404e-01, 2.567715156650017e-04, 0.000000000000000e+00, 9.745351695934017e-02, -9.131351905761106e-02, 3.240211112130616e-02, -3.038909417839505e-02, -9.378738954577736e-01, -7.602274365581252e-11
3.545679359506588e+00, 9.999997716580671e-01, 2.283419850979129e-07, 5.766173228026253e-01, -1.207028377100624e-01, 1.181285427907567e+00, 7.747912326648435e-02, 9.725246832431471e-02, 9.022896654987576e-01, 2.567714545523212e-04, 0.000000000000000e+00, 9.745356319873592e-02, -9.131355955569610e-02, 3.240210999305929e-02, -3.038909215968215e-02, -9.378738658128025e-01, -7.602274365581252e-11
3.545679537707738e+00, 9.999998744119168e-01, 1.255880990314040e-07, 5.766173012932427e-01, -1.207028175962594e-01, 1.181285441714437e+00, 7.747914059698745e-02, 9.725248446430021e-02, 9.022896401006862e-01, 2.567714209403402e-04, 0.000000000000000e+00, 9.745358863041907e-02, -9.131358182965525e-02, 3.240210937252311e-02, -3.038909104938937e-02, -9.378738495080581e-01, -7.602274365581252e-11
3.545679637707738e+00, 9.999999320736408e-01, 6.792636386698803e-08, 5.766172892229615e-01, -1.207028063091259e-01, 1.181285449462352e+00, 7.747915032223635e-02, 9.725249352147304e-02, 9.022896258482109e-01, 2.567714020785214e-04, 0.000000000000000e+00, 9.745360290175616e-02, -9.131359432899185e-02, 3.240210902430073e-02, -3.038909042633338e-02, -9.378738403584271e-01, -7.602274365581252e-11
3.545679737707738e+00, 9.999999897353669e-01, 1.026463314346415e-08, 5.766172771526814e-01, -1.207027950219931e-01, 1.181285457210267e+00, 7.747916004748615e-02, 9.725250257864609e-02, 9.022896115957345e-01, 2.567713832167039e-04, 0.000000000000000e+00, 9.745361717309467e-02, -9.131360682832945e-02, 3.240210867607832e-02, -3.038908980327732e-02, -9.378738312087953e-01, -7.602296570041744e-11
3.545679755509204e+00, 1.000000000000000e+00, 0.000000000000000e+00, 5.766172750039948e-01, -1.207027930127181e-01, 1.181285458589510e+00, 7.747916177872335e-02, 9.725250419095571e-02, 9.022896090585838e-01, 2.567713798590237e-04, 0.000000000000000e+00, 9.745361971360231e-02, -9.131360905339496e-02, 3.240210861408962e-02, -3.038908969236419e-02, -9.378738295800264e-01, -7.602252161120759e-11
