0.000000000000000e+00, 9.999000099990002e-05, 1.000000000000000e+04, 1.074212944456321e+02, -1.003918450037516e+04, 1.000000000000000e-01, 0.000000000000000e+00, -9.998000299960005e-10, 2.600063287793977e-01, 7.399936712206009e-01, 0.000000000000000e+00, 1.444046347103023e-15, 2.466645570735322e-01, 1.666666666666667e-03, -1.666666666666667e-03, -1.000000000000000e+00, 0.000000000000000e+00
1.000000000000000e-07, 9.999107510618391e-05, 9.999892569042448e+03, 1.074202905371605e+02, -1.003898493373156e+04, 1.000000000000000e-01, -9.998000301063701e-17, -9.998000303271087e-10, 2.600083955934056e-01, 7.399916044065933e-01, 0.000000000000000e+00, 1.444104363259741e-15, 2.466638681355296e-01, 1.666666666666667e-03, -1.666666666666667e-03, -1.000000000000000e+00, -2.220446049250313e-16
3.074871561266203e-07, 9.999330374355113e-05, 9.999669670487739e+03, 1.074182076196823e+02, -1.003857087765197e+04, 1.000000000000000e-01, -3.074256682396448e-16, -9.998000331264908e-10, 2.600126839393910e-01, 7.399873160606079e-01, 0.000000000000000e+00, 1.444224744936908e-15, 2.466624386868678e-01, 1.666666666666667e-03, -1.666666666666667e-03, -1.000000000000000e+00, -2.220446049250313e-16
7.512599819176235e-07, 9.999807036726915e-05, 9.999192966996639e+03, 1.074137529712007e+02, -1.003768538230860e+04, 1.000000000000000e-01, -7.511097571354733e-16, -9.998000486819169e-10, 2.600218557141148e-01, 7.399781442858839e-01, 0.000000000000000e+00, 1.444482242244797e-15, 2.466593814286265e-01, 1.666666666666667e-03, -1.666666666666667e-03, -1.000000000000000e+00, 0.000000000000000e+00
1.630044536256350e-06, 1.000075095977474e-04, 9.998249096615082e+03, 1.074049327786849e+02, -1.003593222070153e+04, 1.000000000000000e-01, -1.629718624039200e-15, -9.998001179558280e-10, 2.600400176884461e-01, 7.399599823115528e-01, 0.000000000000000e+00, 1.444992255366122e-15, 2.466533274371827e-01, 1.666666666666667e-03, -1.666666666666667e-03, -1.000000000000000e+00, -2.220446049250313e-16
3.561973760756092e-06, 1.000282613087547e-04, 9.996174667600439e+03, 1.073855477897154e+02, -1.003207967395715e+04, 1.000000000000000e-01, -3.561261971479480e-15, -9.998004499099921e-10, 2.600799428134964e-01, 7.399200571865026e-01, 0.000000000000000e+00, 1.446113950689932e-15, 2.466400190621660e-01, 1.666666666666667e-03, -1.666666666666667e-03, -1.000000000000000e+00, -2.220446049250313e-16
8.024784775467751e-06, 1.000762004870449e-04, 9.991385753388511e+03, 1.073407963578337e+02, -1.002318869972562e+04, 1.000000000000000e-01, -8.023185758536631e-15, -9.998021600950248e-10, 2.601721586260680e-01, 7.398278413739309e-01, 0.000000000000000e+00, 1.448707607251504e-15, 2.466092804579754e-01, 1.666666666666667e-03, -1.666666666666667e-03, -1.000000000000000e+00, -2.220446049250313e-16
1.679650503140258e-05, 1.001704343491382e-04, 9.981985563530239e+03, 1.072529522766959e+02, -1.000574793753764e+04, 1.000000000000000e-01, -1.679319845181903e-14, -9.998093515452481e-10, 2.603533599185947e-01, 7.396466400814041e-01, 0.000000000000000e+00, 1.453815692687836e-15, 2.465488800271332e-01, 1.666666666666667e-03, -1.666666666666667e-03, -1.000000000000000e+00, -2.220446049250313e-16
3.374141059686780e-05, 1.003525047445471e-04, 9.963873348657877e+03, 1.070836904168330e+02, -9.972185750989411e+03, 1.000000000000000e-01, -3.373508594823360e-14, -9.998375658507023e-10, 2.607032098441054e-01, 7.392967901558932e-01, 0.000000000000000e+00, 1.463721740431606e-15, 2.464322633852962e-01, 1.666666666666667e-03, -1.666666666666667e-03, -1.000000000000000e+00, 0.000000000000000e+00
7.099512526839431e-05, 1.007529415922950e-04, 9.924268525127349e+03, 1.067135553354582e+02, -9.898992613564769e+03, 1.000000000000000e-01, -7.098485137281113e-14, -9.999654322201380e-10, 2.614714897262987e-01, 7.385285102737003e-01, 0.000000000000000e+00, 1.485679190215629e-15, 2.461761700912318e-01, 1.666666666666667e-03, -1.666666666666667e-03, -1.000000000000000e+00, -2.220446049250313e-16
1.481712837662655e-04, 1.015831635631884e-04, 9.843150988445674e+03, 1.059553636060871e+02, -9.749916428631237e+03, 9.999999999999999e-02, -1.481770605579993e-13, -1.000513603291542e-09, 2.630592808972505e-01, 7.369407191027483e-01, 0.000000000000000e+00, 1.531956115893890e-15, 2.456469063675812e-01, 1.666666666666667e-03, -1.666666666666666e-03, -9.999999999999996e-01, 0.000000000000000e+00
3.151381100897827e-04, 1.033823652819438e-04, 9.671829570815156e+03, 1.043536392896498e+02, -9.438757597372032e+03, 9.999999999999995e-02, -3.154105380798468e-13, -1.002962870091048e-09, 2.664769147944188e-01, 7.335230852055797e-01, 0.000000000000000e+00, 1.635785969830011e-15, 2.445076950685249e-01, 1.666666666666666e-03, -1.666666666666664e-03, -9.999999999999983e-01, 0.000000000000000e+00
5.543978417356212e-04, 1.059678706703398e-04, 9.435822630049299e+03, 1.021461972088048e+02, -9.018322209712614e+03, 9.999999999999984e-02, -5.560747224968807e-13, -1.009317124906589e-09, 2.713330153045155e-01, 7.286669846954830e-01, 0.000000000000000e+00, 1.793712187617595e-15, 2.428889948984924e-01, 1.666666666666666e-03, -1.666666666666657e-03, -9.999999999999944e-01, 0.000000000000000e+00
8.357642457050656e-04, 1.090193786539801e-04, 9.171681153998594e+03, 9.967420572423484e+01, -8.559045113657263e+03, 9.999999999999964e-02, -8.415754968155636e-13, -1.020755753805846e-09, 2.769822795001267e-01, 7.230177204998715e-01, 0.000000000000000e+00, 1.993841298977405e-15, 2.410059068332885e-01, 1.666666666666665e-03, -1.666666666666645e-03, -9.999999999999883e-01, 0.000000000000000e+00
1.148448410096904e-03, 1.124244689580701e-04, 8.893860783135746e+03, 9.707248521328648e+01, -8.088838268013319e+03, 9.999999999999933e-02, -1.163335945438750e-12, -1.038070299327024e-09, 2.831836095167371e-01, 7.168163904832608e-01, 0.000000000000000e+00, 2.235517852706660e-15, 2.389387968277513e-01, 1.666666666666662e-03, -1.666666666666626e-03, -9.999999999999786e-01, 0.000000000000000e+00
1.489074396721678e-03, 1.161505321909421e-04, 8.608517159646590e+03, 9.439833198967135e+01, -7.619617508485177e+03, 9.999999999999887e-02, -1.520856469944143e-12, -1.061961984907040e-09, 2.898487353616894e-01, 7.101512646383085e-01, 0.000000000000000e+00, 2.523262984951097e-15, 2.367170882127669e-01, 1.666666666666657e-03, -1.666666666666600e-03, -9.999999999999657e-01, 0.000000000000000e+00
1.856881691063773e-03, 1.201934707227419e-04, 8.318919493021089e+03, 9.168208161746556e+01, -7.157616165758405e+03, 9.999999999999823e-02, -1.917022891000469e-12, -1.093133742127327e-09, 2.969418760706775e-01, 7.030581239293199e-01, 0.000000000000000e+00, 2.864452146090810e-15, 2.343527079764370e-01, 1.666666666666650e-03, -1.666666666666565e-03, -9.999999999999490e-01, 0.000000000000000e+00
2.252050659191372e-03, 1.245597816694393e-04, 8.027273545419594e+03, 8.894414223773659e+01, -6.706819406593728e+03, 9.999999999999738e-02, -2.356550462693603e-12, -1.132311201865351e-09, 3.044449075288502e-01, 6.955550924711469e-01, 0.000000000000000e+00, 3.268659815021981e-15, 2.318516974903790e-01, 1.666666666666639e-03, -1.666666666666520e-03, -9.999999999999284e-01, -2.220446049250313e-16
2.675439877829706e-03, 1.292638971744058e-04, 7.735112107549852e+03, 8.619863368091272e+01, -6.269787632323649e+03, 9.999999999999629e-02, -2.845905125453498e-12, -1.180289244472278e-09, 3.123512479858033e-01, 6.876487520141933e-01, 0.000000000000000e+00, 3.748024976662810e-15, 2.292162506713940e-01, 1.666666666666624e-03, -1.666666666666462e-03, -9.999999999999032e-01, -2.220446049250313e-16
3.128257875269252e-03, 1.343247417529851e-04, 7.443644872937391e+03, 8.345665790249384e+01, -5.848317017313220e+03, 9.999999999999487e-02, -3.393177248529834e-12, -1.237947159034363e-09, 3.206588734216245e-01, 6.793411265783716e-01, 0.000000000000000e+00, 4.317564161671330e-15, 2.264470421927861e-01, 1.666666666666602e-03, -1.666666666666389e-03, -9.999999999998723e-01, -2.220446049250313e-16
3.612029979919974e-03, 1.397655219436415e-04, 7.153840379040235e+03, 8.072706114578803e+01, -5.443632344379701e+03, 9.999999999999308e-02, -4.008319334585549e-12, -1.306280432387853e-09, 3.293691502189209e-01, 6.706308497810748e-01, 0.000000000000000e+00, 4.995863528473858e-15, 2.235436165936865e-01, 1.666666666666573e-03, -1.666666666666299e-03, -9.999999999998356e-01, -2.220446049250313e-16
4.128130362412103e-03, 1.456085871909757e-04, 6.866726823613987e+03, 7.801926460897091e+01, -5.056846626582455e+03, 9.999999999999083e-02, -4.702846537853131e-12, -1.386360809470711e-09, 3.384780901332028e-01, 6.615219098667919e-01, 0.000000000000000e+00, 5.805224517716749e-15, 2.205073032889247e-01, 1.666666666666535e-03, -1.666666666666187e-03, -9.999999999997914e-01, -2.220446049250313e-16
4.678481681384981e-03, 1.518834459555201e-04, 6.582995995803620e+03, 7.533953104137613e+01, -4.688445538163861e+03, 9.999999999998803e-02, -5.491096398877485e-12, -1.479464860343227e-09, 3.479885766371433e-01, 6.520114233628509e-01, 0.000000000000000e+00, 6.773666467053868e-15, 2.173371411209433e-01, 1.666666666666485e-03, -1.666666666666050e-03, -9.999999999997388e-01, -4.440892098500626e-16
5.265050006726876e-03, 1.586212508529102e-04, 6.303325521473173e+03, 7.269399767078448e+01, -4.338768469138963e+03, 9.999999999998455e-02, -6.390040579925533e-12, -1.587034932147147e-09, 3.579008904892509e-01, 6.420991095107422e-01, 0.000000000000000e+00, 7.935501622448800e-15, 2.140330365035726e-01, 1.666666666666422e-03, -1.666666666665881e-03, -9.999999999996753e-01, -4.440892098500626e-16
5.889576195156571e-03, 1.658517979173981e-04, 6.028479406054111e+03, 7.008963372282749e+01, -4.008134844491911e+03, 9.999999999998024e-02, -7.419306366313393e-12, -1.710648955858107e-09, 3.682082288062862e-01, 6.317917711937054e-01, 0.000000000000000e+00, 9.332146253642530e-15, 2.105972570645589e-01, 1.666666666666342e-03, -1.666666666665675e-03, -9.999999999995997e-01, -4.440892098500626e-16
6.553962180308224e-03, 1.736080529880642e-04, 5.759101462970450e+03, 6.753229164364653e+01, -3.696595195196866e+03, 9.999999999997493e-02, -8.602269949858533e-12, -1.852113600127450e-09, 3.789033225339816e-01, 6.210966774660087e-01, 0.000000000000000e+00, 1.101451827790806e-14, 2.070322258219916e-01, 1.666666666666240e-03, -1.666666666665422e-03, -9.999999999995089e-01, -6.661338147750939e-16
7.255917215499715e-03, 1.818748344448619e-04, 5.497286791860503e+03, 6.504166976955024e+01, -3.405675787632043e+03, 9.999999999996842e-02, -9.958004628504428e-12, -2.012475043211873e-09, 3.899108133356311e-01, 6.100891866643571e-01, 0.000000000000000e+00, 1.303198608224650e-14, 2.033630622214391e-01, 1.666666666666114e-03, -1.666666666665114e-03, -9.999999999994005e-01, -6.661338147750939e-16
7.985187185144991e-03, 1.905415795266855e-04, 5.247198332794597e+03, 6.265736563356815e+01, -3.138715718219339e+03, 9.999999999996061e-02, -1.148992907332807e-11, -2.190751978748427e-09, 4.010395744454534e-01, 5.989604255545328e-01, 0.000000000000000e+00, 1.541288751255550e-14, 1.996534751848285e-01, 1.666666666665959e-03, -1.666666666664748e-03, -9.999999999992728e-01, -6.661338147750939e-16
8.742111936802074e-03, 1.996213481767483e-04, 5.008484251727336e+03, 6.037616837893675e+01, -2.893859070362493e+03, 9.999999999995127e-02, -1.322211548442350e-11, -2.388266923161715e-09, 4.122713677162034e-01, 5.877286322837803e-01, 0.000000000000000e+00, 1.821929727182126e-14, 1.959095440945748e-01, 1.666666666665773e-03, -1.666666666664311e-03, -9.999999999991226e-01, -8.881784197001252e-16
9.527650371127926e-03, 2.091352300066926e-04, 4.780595142855648e+03, 5.819298304885865e+01, -2.669184004696261e+03, 9.999999999994012e-02, -1.518307351953213e-11, -2.606657763089186e-09, 4.235969416375612e-01, 5.764030583624190e-01, 0.000000000000000e+00, 2.152592911144384e-14, 1.921343527874511e-01, 1.666666666665549e-03, -1.666666666663793e-03, -9.999999999989461e-01, -8.881784197001252e-16
1.034369070733821e-02, 2.191165506059039e-04, 4.562781226177516e+03, 5.610077792452694e+01, -2.462730099810304e+03, 9.999999999992684e-02, -1.740769038507291e-11, -2.848036329995656e-09, 4.350190796808206e-01, 5.649809203191557e-01, 0.000000000000000e+00, 2.542502260456966e-14, 1.883269734396928e-01, 1.666666666665280e-03, -1.666666666663176e-03, -9.999999999987377e-01, -8.881784197001252e-16
1.119219074767631e-02, 2.296008262155914e-04, 4.354385024011265e+03, 5.409337656093128e+01, -2.272785634160847e+03, 9.999999999991102e-02, -1.993628462513000e-11, -3.114812036977406e-09, 4.465392364672330e-01, 5.534607635327390e-01, 0.000000000000000e+00, 3.002668997698167e-14, 1.844869211775492e-01, 1.666666666664957e-03, -1.666666666662444e-03, -9.999999999984921e-01, -8.881784197001252e-16
1.207386661118862e-02, 2.406094395475941e-04, 4.155112918430174e+03, 5.216809180183855e+01, -2.098092864480338e+03, 9.999999999989219e-02, -2.281104800672473e-11, -3.409272546912570e-09, 4.581405051345036e-01, 5.418594948654631e-01, 0.000000000000000e+00, 3.545391259879410e-14, 1.806198316217852e-01, 1.666666666664571e-03, -1.666666666661575e-03, -9.999999999982024e-01, -1.110223024625157e-15
1.299129880845825e-02, 2.521882987822151e-04, 3.964291033838095e+03, 5.031855253227638e+01, -1.937163073867534e+03, 9.999999999986978e-02, -2.608657602994165e-11, -3.734616311558815e-09, 4.698292417690024e-01, 5.301707582309579e-01, 0.000000000000000e+00, 4.186415544122730e-14, 1.767235860769437e-01, 1.666666666664109e-03, -1.666666666660543e-03, -9.999999999978600e-01, -1.110223024625157e-15
1.394581146855021e-02, 2.643691580449945e-04, 3.781589494913034e+03, 4.854169508353935e+01, -1.788907737346123e+03, 9.999999999984312e-02, -2.982111078435058e-11, -4.093970639038180e-09, 4.815934715572422e-01, 5.184065284427106e-01, 0.000000000000000e+00, 4.943567286148911e-14, 1.728021761475204e-01, 1.666666666663558e-03, -1.666666666659317e-03, -9.999999999974551e-01, -1.110223024625157e-15
1.493950722915950e-02, 2.771952406048903e-04, 3.606565547726644e+03, 4.683334892429816e+01, -1.652227739305809e+03, 9.999999999981139e-02, -3.408463037251173e-11, -4.491125367002666e-09, 4.934294395272231e-01, 5.065705604727209e-01, 0.000000000000000e+00, 5.838615285152929e-14, 1.688568534908481e-01, 1.666666666662900e-03, -1.666666666657860e-03, -9.999999999969760e-01, -1.110223024625157e-15
1.597403444219269e-02, 2.907057221580806e-04, 3.438904768906536e+03, 4.519058107227387e+01, -1.526202902313498e+03, 9.999999999977364e-02, -3.895563075696576e-11, -4.930126509637534e-09, 5.053262082420183e-01, 4.946737917579151e-01, 0.000000000000000e+00, 6.896997349219553e-14, 1.648912639192357e-01, 1.666666666662114e-03, -1.666666666656129e-03, -9.999999999964088e-01, -1.110223024625157e-15
1.705190091976181e-02, 3.049529617880118e-04, 3.278194253883491e+03, 4.360948127547232e+01, -1.409907719032940e+03, 9.999999999972869e-02, -4.452880402710367e-11, -5.415874799424520e-09, 5.172810362445159e-01, 4.827189637554051e-01, 0.000000000000000e+00, 8.149906367882138e-14, 1.609063212517198e-01, 1.666666666661177e-03, -1.666666666654070e-03, -9.999999999957357e-01, -1.332267629550188e-15
1.817408899124140e-02, 3.199712098908874e-04, 3.124281178706695e+03, 4.208868883018751e+01, -1.302665550638008e+03, 9.999999999967521e-02, -5.090483426812973e-11, -5.953122056943422e-09, 5.292727786198116e-01, 4.707272213800948e-01, 0.000000000000000e+00, 9.632516540143123e-14, 1.569090737932682e-01, 1.666666666660059e-03, -1.666666666651622e-03, -9.999999999949380e-01, -1.332267629550188e-15
1.934350244962810e-02, 3.358224627884159e-04, 2.976763880643230e+03, 4.062438406649942e+01, -1.203675998685594e+03, 9.999999999961148e-02, -5.821084885660173e-11, -6.548112889708809e-09, 5.412998835485385e-01, 4.587001164513501e-01, 0.000000000000000e+00, 1.138923765453617e-13, 1.529000388170024e-01, 1.666666666658724e-03, -1.666666666648708e-03, -9.999999999939909e-01, -1.110223024625157e-15
2.056221165179524e-02, 3.525601953456626e-04, 2.835395070122888e+03, 3.921425977553890e+01, -1.112298909224603e+03, 9.999999999953552e-02, -6.658871905117812e-11, -7.207414480172897e-09, 5.533500245873052e-01, 4.466499754125627e-01, 0.000000000000000e+00, 1.347185075294792e-13, 1.488833251373858e-01, 1.666666666657129e-03, -1.666666666645239e-03, -9.999999999928655e-01, -1.332267629550188e-15
2.183241290733625e-02, 3.702422252238743e-04, 2.699934501447884e+03, 3.785607453784046e+01, -1.027942204196896e+03, 9.999999999944492e-02, -7.620304857507935e-11, -7.938433960058756e-09, 5.654108668654445e-01, 4.345891331343991e-01, 0.000000000000000e+00, 1.594224534319129e-13, 1.448630443779731e-01, 1.666666666655225e-03, -1.666666666641104e-03, -9.999999999915276e-01, -1.332267629550188e-15
2.315673716961986e-02, 3.889353821358659e-04, 2.570121183442941e+03, 3.654737153614927e+01, -9.500421886843908e+02, 9.999999999933681e-02, -8.724769708886232e-11, -8.749725145256761e-09, 5.774727624720832e-01, 4.225272375277313e-01, 0.000000000000000e+00, 1.887519122204740e-13, 1.408424125090545e-01, 1.666666666652947e-03, -1.666666666636174e-03, -9.999999999899359e-01, -1.554312234475219e-15
2.453689313847577e-02, 4.086965624148003e-04, 2.445803061154856e+03, 3.528678886994256e+01, -8.781370095781193e+02, 9.999999999920778e-02, -9.993856263582726e-11, -9.650266093443213e-09, 5.895165364764916e-01, 4.104834635232883e-01, 0.000000000000000e+00, 2.235766483622004e-13, 1.368278211742054e-01, 1.666666666650225e-03, -1.666666666630294e-03, -9.999999999880411e-01, -1.776356839400250e-15
2.597517606569868e-02, 4.295940374359153e-04, 2.326779049189376e+03, 3.407247418109166e+01, -8.117666394421386e+02, 9.999999999905372e-02, -1.145299856779201e-10, -1.065046373993096e-08, 6.015277504430482e-01, 3.984722495566905e-01, 0.000000000000000e+00, 2.649463233734504e-13, 1.328240831852981e-01, 1.666666666646970e-03, -1.666666666623278e-03, -9.999999999857849e-01, -1.776356839400250e-15
2.747515929300124e-02, 4.517185357778723e-04, 2.212767912529805e+03, 3.290174756142916e+01, -7.504598057158609e+02, 9.999999999886953e-02, -1.313308464399232e-10, -1.176293484310947e-08, 6.135011923986033e-01, 3.864988076010861e-01, 0.000000000000000e+00, 3.141569277969332e-13, 1.288329358667141e-01, 1.666666666643072e-03, -1.666666666614897e-03, -9.999999999830945e-01, -1.776356839400250e-15
2.903953663700808e-02, 4.751523726447032e-04, 2.103588038641140e+03, 3.177293580699916e+01, -6.938312439987679e+02, 9.999999999864920e-02, -1.506905187709927e-10, -1.300121736341581e-08, 6.254227313006424e-01, 3.745772686989887e-01, 0.000000000000000e+00, 3.727347324705737e-13, 1.248590895659563e-01, 1.666666666638403e-03, -1.666666666604877e-03, -9.999999999798842e-01, -1.998401444325282e-15
3.067208778451929e-02, 4.999988659366067e-04, 1.999004536263862e+03, 3.068380660818531e+01, -6.414953075281059e+02, 9.999999999838526e-02, -1.730298847211408e-10, -1.438145555294543e-08, 6.372850957907878e-01, 3.627149042087734e-01, 0.000000000000000e+00, 4.425560829565867e-13, 1.209049680691481e-01, 1.666666666632802e-03, -1.666666666592882e-03, -9.999999999760483e-01, -1.776356839400250e-15
3.237497535494256e-02, 5.263418300795659e-04, 1.898905998063715e+03, 2.963340694376744e+01, -5.931529073844453e+02, 9.999999999806902e-02, -1.988155768590190e-10, -1.592040641696935e-08, 6.490680001999983e-01, 3.509319997994800e-01, 0.000000000000000e+00, 5.258009323174000e-13, 1.169773332659670e-01, 1.666666666626081e-03, -1.666666666578520e-03, -9.999999999714638e-01, -1.998401444325282e-15
3.415142710642365e-02, 5.542863674622657e-04, 1.803121585342936e+03, 2.862016880846005e+01, -5.484958248222870e+02, 9.999999999768983e-02, -2.286056602801805e-10, -1.763787253916514e-08, 6.607583733437018e-01, 3.392416266556773e-01, 0.000000000000000e+00, 6.251334849936389e-13, 1.130805422179335e-01, 1.666666666618011e-03, -1.666666666561311e-03, -9.999999999659801e-01, -1.998401444325282e-15
3.600614988896729e-02, 5.839672617397420e-04, 1.711424763369136e+03, 2.764192255280036e+01, -5.072121679085079e+02, 9.999999999723441e-02, -2.630790587239249e-10, -1.955775434441741e-08, 6.723513211632900e-01, 3.276486788359708e-01, 0.000000000000000e+00, 7.438566653310593e-13, 1.092162262779126e-01, 1.666666666608306e-03, -1.666666666540655e-03, -9.999999999594096e-01, -2.220446049250313e-15
3.794224624147525e-02, 6.155008213053838e-04, 1.623693201674617e+03, 2.669759601686286e+01, -4.690576528271578e+02, 9.999999999668709e-02, -3.029996684271153e-10, -2.170540061968409e-08, 6.838302426527274e-01, 3.161697573463914e-01, 0.000000000000000e+00, 8.858530992444873e-13, 1.053899191145775e-01, 1.666666666596626e-03, -1.666666666515846e-03, -9.999999999515318e-01, -2.220446049250313e-15
3.996365924294987e-02, 6.490239309851139e-04, 1.539775235332480e+03, 2.578580453894724e+01, -4.337914304195174e+02, 9.999999999602864e-02, -3.492774471302101e-10, -2.411040633433997e-08, 6.951830452120136e-01, 3.048169547869352e-01, 0.000000000000000e+00, 1.055865982127250e-12, 1.016056515945887e-01, 1.666666666582557e-03, -1.666666666486019e-03, -9.999999999420772e-01, -2.220446049250313e-15
4.207476445486331e-02, 6.846888096812326e-04, 1.459517516659233e+03, 2.490513904442132e+01, -4.011883233215133e+02, 9.999999999523558e-02, -4.029894249066326e-10, -2.680686128657462e-08, 7.063990122577880e-01, 2.936009877409571e-01, 0.000000000000000e+00, 1.259671397011322e-12, 9.786699591239222e-02, 1.666666666565589e-03, -1.666666666450116e-03, -9.999999999307162e-01, -2.442490654175344e-15
4.427938134944641e-02, 7.226470574041474e-04, 1.382801386519367e+03, 2.405456766668719e+01, -3.710520176515886e+02, 9.999999999427960e-02, -4.653834541347912e-10, -2.983268137761610e-08, 7.174636534276287e-01, 2.825363465708720e-01, 0.000000000000000e+00, 1.504201839023968e-12, 9.417878218878599e-02, 1.666666666545109e-03, -1.666666666406864e-03, -9.999999999170532e-01, -2.442490654175344e-15
4.658250372673790e-02, 7.630799753683668e-04, 1.309478629081130e+03, 2.323272981904570e+01, -3.431879404806664e+02, 9.999999999312568e-02, -5.379591292360617e-10, -3.323258667035484e-08, 7.283677594761669e-01, 2.716322405220402e-01, 0.000000000000000e+00, 1.797994586500374e-12, 9.054408017221495e-02, 1.666666666520356e-03, -1.666666666354689e-03, -9.999999999005997e-01, -2.442490654175344e-15
4.899053870309542e-02, 8.062055544803826e-04, 1.239378454902264e+03, 2.243799493067744e+01, -3.174068482716017e+02, 9.999999999173027e-02, -6.225353492961623e-10, -3.705984957877746e-08, 7.391071057941055e-01, 2.608928942037481e-01, 0.000000000000000e+00, 2.151652985085562e-12, 8.696429806576390e-02, 1.666666666490386e-03, -1.666666666291632e-03, -9.999999998807477e-01, -2.664535259100376e-15
5.150693295727873e-02, 8.522011289378987e-04, 1.172431911837882e+03, 2.166987892360892e+01, -2.935688657857681e+02, 9.999999999004193e-02, -7.211478303181380e-10, -4.137030407103626e-08, 7.496631784972193e-01, 2.503368215002087e-01, 0.000000000000000e+00, 2.577626514130034e-12, 8.344560716415814e-02, 1.666666666454079e-03, -1.666666666215384e-03, -9.999999998567830e-01, -2.886579864025407e-15
5.413309042274324e-02, 9.012158818073805e-04, 1.108612047664438e+03, 2.092841380541038e+01, -2.715566972581200e+02, 9.999999998799995e-02, -8.360839798691301e-10, -4.622318353888801e-08, 7.600108469488136e-01, 2.399891530481016e-01, 0.000000000000000e+00, 3.090535916288761e-12, 7.999638434627619e-02, 1.666666666410112e-03, -1.666666666123218e-03, -9.999999998278637e-01, -2.886579864025407e-15
5.686059808075594e-02, 9.532174026536454e-04, 1.048078622794881e+03, 2.021589723135142e+01, -2.513207074463023e+02, 9.999999998554097e-02, -9.694835230863335e-10, -5.166438311863472e-08, 7.700931313907269e-01, 2.299068686055737e-01, 0.000000000000000e+00, 3.705498419196331e-12, 7.663562286481861e-02, 1.666666666357103e-03, -1.666666666012296e-03, -9.999999997931157e-01, -3.108624468950438e-15
5.968931308197161e-02, 1.008327273177395e-03, 9.907414976278936e+02, 1.953180562032484e+01, -2.327302061425810e+02, 9.999999998258391e-02, -1.124137050472242e-09, -5.775953624477051e-08, 7.798928764196182e-01, 2.201071235759464e-01, 0.000000000000000e+00, 4.441881728508391e-12, 7.336904118753976e-02, 1.666666666293280e-03, -1.666666665878980e-03, -9.999999997514203e-01, -3.108624468950438e-15
6.262068692886084e-02, 1.066703547029730e-03, 9.364675867391010e+02, 1.887512086603778e+01, -2.156500496928778e+02, 9.999999997903089e-02, -1.303326016542281e-09, -6.458477352054668e-08, 7.894016556125738e-01, 2.105983443821096e-01, 0.000000000000000e+00, 5.323003421738975e-12, 7.019944812204640e-02, 1.666666666216506e-03, -1.666666665718887e-03, -9.999999997014284e-01, -3.108624468950438e-15
6.565912531974896e-02, 1.128572354904096e-03, 8.850752220755736e+02, 1.824422160226817e+01, -1.999403385570881e+02, 9.999999997476115e-02, -1.511030105569368e-09, -7.223241980581916e-08, 7.986218157121123e-01, 2.013781842815168e-01, 0.000000000000000e+00, 6.377594279964265e-12, 6.712606142079422e-02, 1.666666666124141e-03, -1.666666665526602e-03, -9.999999996414768e-01, -3.330669073875470e-15
6.880696456721334e-02, 1.194129293099676e-03, 8.364302563202662e+02, 1.763803982190895e+01, -1.854859103064538e+02, 9.999999996963292e-02, -1.751715700805552e-09, -8.080081424562854e-08, 8.075497090989437e-01, 1.924502908934237e-01, 0.000000000000000e+00, 7.639251640247857e-12, 6.415009695683488e-02, 1.666666666013083e-03, -1.666666665295779e-03, -9.999999995696175e-01, -3.330669073875470e-15
7.206783560813755e-02, 1.263607581125586e-03, 7.903849322660980e+02, 1.705531923222686e+01, -1.721761742679314e+02, 9.999999996347453e-02, -2.030647801569667e-09, -9.040371884150447e-08, 8.161863484395485e-01, 1.838136515513098e-01, 0.000000000000000e+00, 9.148575776880810e-12, 6.127121717462092e-02, 1.666666665879572e-03, -1.666666665018730e-03, -9.999999994834948e-01, -3.330669073875470e-15
7.544436486480254e-02, 1.337231013271578e-03, 7.468139454404876e+02, 1.649506319399405e+01, -1.599150179518244e+02, 9.999999995608259e-02, -2.353827520493913e-09, -1.011656108103818e-07, 8.245307314213008e-01, 1.754692685677526e-01, 0.000000000000000e+00, 1.095351891363620e-11, 5.848975617829694e-02, 1.666666665719152e-03, -1.666666664686354e-03, -9.999999993803214e-01, -3.330669073875470e-15
7.894022564197810e-02, 1.415258274928754e-03, 7.055848105006424e+02, 1.595616120783813e+01, -1.486113589087464e+02, 9.999999994721168e-02, -2.728295166988635e-09, -1.132293633556260e-07, 8.325852659867989e-01, 1.674147340000960e-01, 0.000000000000000e+00, 1.311183043503183e-11, 5.580491132025311e-02, 1.666666665526440e-03, -1.666666664287672e-03, -9.999999992567390e-01, -3.330669073875470e-15
8.255890688761805e-02, 1.497957771598537e-03, 6.665755611807772e+02, 1.543761233515667e+01, -1.381835404259862e+02, 9.999999993656855e-02, -3.162181796636220e-09, -1.267546749873948e-07, 8.403523570221826e-01, 1.596476429621322e-01, 0.000000000000000e+00, 1.569233708345614e-11, 5.321588097168468e-02, 1.666666665295002e-03, -1.666666663809568e-03, -9.999999991087396e-01, -3.552713678800501e-15
8.630297679444751e-02, 1.585590335944666e-03, 6.296799286867615e+02, 1.493860130292203e+01, -1.285598195762699e+02, 9.999999992380598e-02, -3.664764181176189e-09, -1.419167692089115e-07, 8.478331464917946e-01, 1.521668534894360e-01, 0.000000000000000e+00, 1.877633635346138e-11, 5.072228447770197e-02, 1.666666665017212e-03, -1.666666663236520e-03, -9.999999989315849e-01, -3.330669073875470e-15
9.017839838819124e-02, 1.678511933666929e-03, 5.947657970386718e+02, 1.445793420398572e+01, -1.196669918815888e+02, 9.999999990849603e-02, -4.247268715679369e-09, -1.589267676125472e-07, 8.550358680947137e-01, 1.449641318828296e-01, 0.000000000000000e+00, 2.246389847469471e-11, 4.832137727181229e-02, 1.666666664683670e-03, -1.666666662549399e-03, -9.999999987194379e-01, -3.552713678800501e-15
9.418780912917425e-02, 1.777017225266158e-03, 5.617407465621060e+02, 1.399492720451983e+01, -1.114468754649681e+02, 9.999999989013950e-02, -4.922205557277473e-09, -1.780072046227847e-07, 8.619624155143260e-01, 1.380375844588095e-01, 0.000000000000000e+00, 2.687142739944937e-11, 4.601252812606476e-02, 1.666666664283398e-03, -1.666666661725902e-03, -9.999999984655025e-01, -3.330669073875470e-15
9.833443352070660e-02, 1.881430154373828e-03, 5.305105626830017e+02, 1.354885288105532e+01, -1.038448299782321e+02, 9.999999986813850e-02, -5.704107189793237e-09, -1.994097238473951e-07, 8.686165508535278e-01, 1.313834491143413e-01, 0.000000000000000e+00, 3.213807762880995e-11, 4.379448300597538e-02, 1.666666663803245e-03, -1.666666660739322e-03, -9.999999981616459e-01, -3.552713678800501e-15
1.026221291413952e-01, 1.992107573340353e-03, 5.009809238128674e+02, 1.311895756059870e+01, -9.680990889163206e+01, 9.999999984177595e-02, -6.609888539768873e-09, -2.234195632810568e-07, 8.750035478016620e-01, 1.249964521599146e-01, 0.000000000000000e+00, 3.843046748861362e-11, 4.166548401487410e-02, 1.666666663227428e-03, -1.666666659557636e-03, -9.999999977981249e-01, -3.552713678800501e-15
1.070541791614036e-01, 2.109409659354023e-03, 4.730662846429915e+02, 1.270458874362743e+01, -9.029663243342465e+01, 9.999999981019990e-02, -7.658965407845449e-09, -2.503528988363789e-07, 8.811282022767285e-01, 1.188717976773326e-01, 0.000000000000000e+00, 4.594617759491442e-11, 3.962393251316441e-02, 1.666666662537184e-03, -1.666666658142809e-03, -9.999999973633751e-01, -3.552713678800501e-15
1.116371141933092e-01, 2.233803817362004e-03, 4.466668865133123e+02, 1.230485070140609e+01, -8.425931779026462e+01, 9.999999977236658e-02, -8.874644447566478e-09, -2.805855983995068e-07, 8.869998138072714e-01, 1.130001861378089e-01, 0.000000000000000e+00, 5.492702898671217e-11, 3.766672865767564e-02, 1.666666661709521e-03, -1.666666656448251e-03, -9.999999968432379e-01, -3.552713678800501e-15
1.163752600004291e-01, 2.365723194291926e-03, 4.217037222329410e+02, 1.191912240965716e+01, -7.865992066279540e+01, 9.999999972704327e-02, -1.028340225901424e-08, -3.145263610475655e-07, 8.926244260595556e-01, 1.073755738747938e-01, 0.000000000000000e+00, 6.565805958845969e-11, 3.579185789260628e-02, 1.666666660717267e-03, -1.666666654418950e-03, -9.999999962210098e-01, -3.774758283725532e-15
1.212706684580040e-01, 2.505558089053801e-03, 3.981126784762112e+02, 1.154699056286038e+01, -7.346608926642939e+01, 9.999999967278400e-02, -1.191508209124869e-08, -3.526154507813794e-07, 8.980058318055177e-01, 1.019941681160168e-01, 0.000000000000000e+00, 7.847296782894348e-11, 3.399805596019904e-02, 1.666666659528534e-03, -1.666666651990400e-03, -9.999999954771194e-01, -3.774758283725532e-15
1.263285091957881e-01, 2.653808426874924e-03, 3.758169510176670e+02, 1.118782027341841e+01, -6.864477979418672e+01, 9.999999960783064e-02, -1.380518210728164e-08, -3.953701213771475e-07, 9.031517417983668e-01, 9.684825810786388e-02, 0.000000000000000e+00, 9.377712690736410e-11, 3.228275260884391e-02, 1.666666658104535e-03, -1.666666649084174e-03, -9.999999945877838e-01, -3.774758283725532e-15
1.315544012774924e-01, 2.811015142418062e-03, 3.547433700409705e+02, 1.084100013291172e+01, -6.416577834930743e+01, 9.999999953007352e-02, -1.599504000761075e-08, -4.433761476802229e-07, 9.080700879604467e-01, 9.192991192750487e-02, 0.000000000000000e+00, 1.120563359308974e-10, 3.064330386377838e-02, 1.666666656398713e-03, -1.666666645606188e-03, -9.999999935244853e-01, -3.996802888650564e-15
1.369520250302930e-01, 2.977688567689035e-03, 3.348309565516765e+02, 1.050608832481323e+01, -6.000324837647030e+01, 9.999999943702333e-02, -1.853164982373651e-08, -4.972726159175216e-07, 9.127669068641376e-01, 8.723309300198751e-02, 0.000000000000000e+00, 1.338829269299177e-10, 2.907769753344601e-02, 1.666666654356106e-03, -1.666666641445449e-03, -9.999999922536054e-01, -3.996802888650564e-15
1.425277966486020e-01, 3.154451913534202e-03, 3.160122821367134e+02, 1.018250577902227e+01, -5.613158158614681e+01, 9.999999932565808e-02, -2.147073041337216e-08, -5.578050077418922e-07, 9.172506175742456e-01, 8.274938226581127e-02, 0.000000000000000e+00, 1.599511025740633e-10, 2.758312726198577e-02, 1.666666651909976e-03, -1.666666636467229e-03, -9.999999907343516e-01, -3.996802888650564e-15
1.482851897671020e-01, 3.341866743154054e-03, 2.982339542109330e+02, 9.869883015297226e+00, -5.252949756678620e+01, 9.999999919243005e-02, -2.487516702585707e-08, -6.257773468185311e-07, 9.215271099057752e-01, 7.847288990315825e-02, 0.000000000000000e+00, 1.910746142878895e-10, 2.615762977664459e-02, 1.666666648981937e-03, -1.666666630513400e-03, -9.999999889188774e-01, -3.996802888650564e-15
1.542297362980571e-01, 3.540591000504607e-03, 2.814387227605446e+02, 9.567757412043919e+00, -4.917617343985408e+01, 9.999999903306156e-02, -2.881884352929252e-08, -7.021150435962447e-07, 9.256039149849750e-01, 7.439608478679939e-02, 0.000000000000000e+00, 2.282337971037904e-10, 2.479869470069913e-02, 1.666666645477451e-03, -1.666666623393320e-03, -9.999999867495210e-01, -3.996802888650564e-15
1.603670480703513e-01, 3.751320597030648e-03, 2.655727906038072e+02, 9.275696825931869e+00, -4.605263296912378e+01, 9.999999884244125e-02, -3.338736029911541e-08, -7.878585419755037e-07, 9.294884175503156e-01, 7.051158217709359e-02, 0.000000000000000e+00, 2.725988475439289e-10, 2.350386045309883e-02, 1.666666641283522e-03, -1.666666614879229e-03, -9.999999841574240e-01, -3.996802888650564e-15
1.667013118992877e-01, 3.974737571547777e-03, 2.505889368793212e+02, 8.993361570929697e+00, -4.314221176091542e+01, 9.999999861452095e-02, -3.867854620036048e-08, -8.841535523433060e-07, 9.331870131326937e-01, 6.681298654176149e-02, 0.000000000000000e+00, 3.255528887221118e-10, 2.227099518836744e-02, 1.666666636266398e-03, -1.666666604701666e-03, -9.999999810611604e-01, -3.996802888650564e-15
1.732393266745283e-01, 4.211653018931226e-03, 2.364364639026617e+02, 8.720318170367594e+00, -4.042847934791757e+01, 9.999999834198883e-02, -4.480777839486995e-08, -9.923259175562354e-07, 9.367075239329953e-01, 6.329247567824599e-02, 0.000000000000000e+00, 3.887668687969760e-10, 2.109749150398163e-02, 1.666666630264350e-03, -1.666666592534907e-03, -9.999999773623334e-01, -3.996802888650564e-15
1.799879761295915e-01, 4.462926179595873e-03, 2.230682367931419e+02, 8.456167601630069e+00, -3.789653492149468e+01, 9.999999801609641e-02, -5.190896085346019e-08, -1.113869222930778e-06, 9.400574317853666e-01, 5.994256775040342e-02, 0.000000000000000e+00, 4.642383143698180e-10, 1.998085545256267e-02, 1.666666623083820e-03, -1.666666577989275e-03, -9.999999729432723e-01, -3.996802888650564e-15
1.869528697673837e-01, 4.729414284893954e-03, 2.104426733970130e+02, 8.200589645988028e+00, -3.553326945777654e+01, 9.999999762645856e-02, -6.013579081736862e-08, -1.250438007665614e-06, 9.432433126879802e-01, 5.675668675769184e-02, 0.000000000000000e+00, 5.543362665760042e-10, 1.891889503156087e-02, 1.666666614494978e-03, -1.666666560602261e-03, -9.999999676643686e-01, -4.218847493575595e-15
1.941375143944138e-01, 5.011934874094681e-03, 1.985237418524183e+02, 7.953352051549266e+00, -3.332724749428881e+01, 9.999999716083934e-02, -6.966298773568675e-08, -1.403840514049024e-06, 9.462707637190962e-01, 5.372923561906298e-02, 0.000000000000000e+00, 6.618493672869509e-10, 1.790974454450484e-02, 1.666666604226958e-03, -1.666666539829000e-03, -9.999999613612234e-01, -4.218847493575595e-15
2.015514477660186e-01, 5.311589212942090e-03, 1.872675711373583e+02, 7.714032633099245e+00, -3.126616369987332e+01, 9.999999660423485e-02, -8.070094637482982e-08, -1.576238433184765e-06, 9.491477683784252e-01, 5.085223083138771e-02, 0.000000000000000e+00, 7.901958547832867e-10, 1.695074282026661e-02, 1.666666591947585e-03, -1.666666515001409e-03, -9.999999538322926e-01, -4.218847493575595e-15
2.091998584030596e-01, 5.629360814451955e-03, 1.766400612717440e+02, 7.482383082258624e+00, -2.934004729327639e+01, 9.999999593904892e-02, -9.348693581082121e-08, -1.769960055392210e-06, 9.518801935294020e-01, 4.811980552722599e-02, 0.000000000000000e+00, 9.433807692428274e-10, 1.603993423236114e-02, 1.666666577267180e-03, -1.666666485336087e-03, -9.999999448413412e-01, -4.218847493575595e-15
2.170892338280910e-01, 5.966337634295273e-03, 1.666070080667027e+02, 7.258127698296485e+00, -2.753936635611617e+01, 9.999999514420228e-02, -1.082972641627574e-07, -1.987647558449201e-06, 9.544742549476640e-01, 4.552574392614536e-02, 0.000000000000000e+00, 1.126199071262260e-09, 1.517524684918266e-02, 1.666666559718849e-03, -1.666666449894645e-03, -9.999999341054736e-01, -4.218847493575595e-15
2.252256332540477e-01, 6.323644933335994e-03, 1.571366459600471e+02, 7.041018404802809e+00, -2.585544314947009e+01, 9.999999419461930e-02, -1.254504260974436e-07, -2.232250774057310e-06, 9.569358365944202e-01, 4.306416206123694e-02, 0.000000000000000e+00, 1.344351111686212e-09, 1.435471934272786e-02, 1.666666538747070e-03, -1.666666407560894e-03, -9.999999212882884e-01, -3.996802888650564e-15
2.336166075882044e-01, 6.702532863298733e-03, 1.481973288897591e+02, 6.830782847721609e+00, -2.427999482951760e+01, 9.999999306022690e-02, -1.453179025145869e-07, -2.507124294670912e-06, 9.592710636731445e-01, 4.072893472219433e-02, 0.000000000000000e+00, 1.604669711977999e-09, 1.357630996939510e-02, 1.666666513685508e-03, -1.666666356996301e-03, -9.999999059864674e-01, -4.218847493575595e-15
2.422724340569050e-01, 7.104446547017240e-03, 1.397569179924148e+02, 6.627106022562799e+00, -2.280499636718226e+01, 9.999999170468345e-02, -1.683373362119654e-07, -2.816136905986683e-06, 9.614864460744427e-01, 3.851355201015760e-02, 0.000000000000000e+00, 1.915408307652074e-09, 1.283784875464433e-02, 1.666666483728824e-03, -1.666666296583429e-03, -9.999998877127508e-01, -4.218847493575595e-15
2.511965429217580e-01, 7.530583710092008e-03, 1.317918310847357e+02, 6.429851749103056e+00, -2.142421866370120e+01, 9.999999008577459e-02, -1.949960117306847e-07, -3.163377645048326e-06, 9.635864734985731e-01, 3.641352421528925e-02, 0.000000000000000e+00, 2.286146484579509e-09, 1.213783911895013e-02, 1.666666447941318e-03, -1.666666224443688e-03, -9.999998659014048e-01, -4.218847493575595e-15
2.603984092290998e-01, 7.982493592453678e-03, 1.242741375132902e+02, 6.238754372142959e+00, -2.013093527653891e+01, 9.999998815212956e-02, -2.258748605482745e-07, -3.553664092802225e-06, 9.655769762533851e-01, 3.442302101808511e-02, 0.000000000000000e+00, 2.728538362530634e-09, 1.147433761082367e-02, 1.666666405184237e-03, -1.666666138291114e-03, -9.999998398641011e-01, -4.218847493575595e-15
2.698879393143397e-01, 8.461833780425696e-03, 1.171776936239573e+02, 6.053563289011191e+00, -1.891897421179520e+01, 9.999998584223398e-02, -2.616493848322608e-07, -3.992439857796177e-06, 9.674635023091513e-01, 3.253649443432421e-02, 0.000000000000000e+00, 3.256532927273418e-09, 1.084549488824234e-02, 1.666666354093785e-03, -1.666666035388547e-03, -9.999998087768213e-01, -4.218847493575595e-15
2.796699790240672e-01, 8.970088014804185e-03, 1.104816263061862e+02, 5.874139944000165e+00, -1.778327586756232e+01, 9.999998308405959e-02, -3.030807461914225e-07, -4.485569103314047e-06, 9.692503637872955e-01, 3.074963232625961e-02, 0.000000000000000e+00, 3.886453566784386e-09, 1.024987355563377e-02, 1.666666293072787e-03, -1.666665912531281e-03, -9.999997716750453e-01, -4.218847493575595e-15
2.897553463886370e-01, 9.509130274595231e-03, 1.041620885531055e+02, 5.700243437087645e+00, -1.671846165768336e+01, 9.999997979006002e-02, -3.510745225448180e-07, -5.039933544338111e-06, 9.709428120837473e-01, 2.905718327812570e-02, 0.000000000000000e+00, 4.638135384550314e-09, 9.685723121241031e-03, 1.666666220179813e-03, -1.666665765824324e-03, -9.999997273866340e-01, -4.218847493575595e-15
3.001527518839562e-01, 1.008082291175594e-02, 9.819825085250046e+01, 5.531688115662117e+00, -1.571983544233946e+01, 9.999997585638597e-02, -4.066699144925467e-07, -5.663154338280592e-06, 9.725454292457084e-01, 2.745456521920353e-02, 0.000000000000000e+00, 5.535096665517445e-09, 9.151516204639569e-03, 1.666666133111593e-03, -1.666665590647666e-03, -9.999996745215400e-01, -4.218847493575595e-15
3.108688389267077e-01, 1.068700703919763e-02, 9.257156744935378e+01, 5.368330083722541e+00, -1.478323238969072e+01, 9.999997116019628e-02, -4.710557826874792e-07, -6.363642793105544e-06, 9.740623031364438e-01, 2.593769025842003e-02, 0.000000000000000e+00, 6.605144929361492e-09, 8.645890147664237e-03, 1.666666029143290e-03, -1.666665381536739e-03, -9.999996114359208e-01, -4.440892098500626e-15
3.219166874677257e-01, 1.132999149348924e-02, 8.726131957598098e+01, 5.209938485629341e+00, -1.390426065974938e+01, 9.999996555201078e-02, -5.456482479449517e-07, -7.151278689040765e-06, 9.754982166916017e-01, 2.450177542629636e-02, 0.000000000000000e+00, 7.882110656394120e-09, 8.167250593325048e-03, 1.666665904958954e-03, -1.666665131842160e-03, -9.999995361297113e-01, -4.440892098500626e-15
3.333036039703205e-01, 1.201186940333690e-02, 8.225098837006998e+01, 5.056381668840402e+00, -1.307934684452530e+01, 9.999995885641519e-02, -6.320476484630379e-07, -8.036746432835347e-06, 9.768569182057389e-01, 2.314307238859362e-02, 0.000000000000000e+00, 9.405676113839030e-09, 7.714348057193570e-03, 1.666665756666816e-03, -1.666664833761428e-03, -9.999994462564649e-01, -4.218847493575595e-15
3.450391358586692e-01, 1.273497486910547e-02, 7.752390839230938e+01, 4.907502901206563e+00, -1.230499792590654e+01, 9.999995086322497e-02, -7.321195614522187e-07, -9.032192778979328e-06, 9.781422818213641e-01, 2.185770695526853e-02, 0.000000000000000e+00, 1.122337621153933e-08, 7.285891095053984e-03, 1.666665579603302e-03, -1.666664477945835e-03, -9.999993390050886e-01, -4.440892098500626e-15
3.571366805000719e-01, 1.350201051726657e-02, 7.306304407193176e+01, 4.763109747394601e+00, -1.157775724725567e+01, 9.999994131873072e-02, -8.480598420758570e-07, -1.015161390265980e-05, 9.793583630615640e-01, 2.064162354586889e-02, 0.000000000000000e+00, 1.339257597030137e-08, 6.880527789390834e-03, 1.666665368138718e-03, -1.666664053111145e-03, -9.999992109828417e-01, -4.440892098500626e-15
3.696049088315755e-01, 1.431552096007761e-02, 6.885425139530366e+01, 4.623079554728256e+00, -1.089472617693827e+01, 9.999992992395559e-02, -9.823653481293709e-07, -1.141029336244741e-05, 9.805085018246550e-01, 1.949148219450227e-02, 0.000000000000000e+00, 1.598085187086040e-08, 6.497144750663876e-03, 1.666665115638210e-03, -1.666663545960466e-03, -9.999990581924774e-01, -4.440892098500626e-15
3.824502581978049e-01, 1.517802442929732e-02, 6.488472726857353e+01, 4.487316193579217e+00, -1.025329676296576e+01, 9.999991632570145e-02, -1.137889362002263e-06, -1.282508456015494e-05, 9.815957330786325e-01, 1.840424785336466e-02, 0.000000000000000e+00, 1.906801200000909e-08, 6.134730216464264e-03, 1.666664814262960e-03, -1.666662940786137e-03, -9.999988759126567e-01, -4.440892098500626e-15
3.956879320722785e-01, 1.609276649722066e-02, 6.113971974133268e+01, 4.355636805526173e+00, -9.650613157199336e+00, 9.999990009353465e-02, -1.318039890303659e-06, -1.441588136520016e-05, 9.826236824458603e-01, 1.737629480284585e-02, 0.000000000000000e+00, 2.275130302309468e-08, 5.792075516342730e-03, 1.666664454459602e-03, -1.666662218446035e-03, -9.999986583900791e-01, -4.440892098500626e-15
4.093294284276129e-01, 1.706291368243448e-02, 5.760663768283936e+01, 4.227910429673975e+00, -9.084229978446112e+00, 9.999988071789925e-02, -1.526717238607715e-06, -1.620462013272433e-05, 9.835954361287879e-01, 1.640453672540558e-02, 0.000000000000000e+00, 2.714581548635448e-08, 5.468151762696457e-03, 1.666664024917738e-03, -1.666661356280288e-03, -9.999983988149919e-01, -4.440892098500626e-15
4.233851005816867e-01, 1.809171363360989e-02, 5.427392375602548e+01, 4.104023714940863e+00, -8.551920998363206e+00, 9.999985759337597e-02, -1.768412369386992e-06, -1.821575100540999e-05, 9.845138418916789e-01, 1.548612572007045e-02, 0.000000000000000e+00, 3.238825978067777e-08, 5.162009518492215e-03, 1.666663512198195e-03, -1.666660327366963e-03, -9.999980890976440e-01, -4.440892098500626e-15
4.378687181181546e-01, 1.918283831150896e-02, 5.112992904183729e+01, 3.983840321145134e+00, -8.051493121506825e+00, 9.999982999241759e-02, -2.048381095840268e-06, -2.047721960358102e-05, 9.853818139976716e-01, 1.461814735944242e-02, 0.000000000000000e+00, 3.864289499788027e-08, 4.872677143673888e-03, 1.666662900149942e-03, -1.666659099354198e-03, -9.999977195173998e-01, -4.440892098500626e-15
4.527915967072668e-01, 2.033996698481474e-02, 4.816428825801793e+01, 3.867252929688855e+00, -7.581000604443425e+00, 9.999979705229625e-02, -2.372656782297558e-06, -2.302001394700421e-05, 9.862019497175877e-01, 1.379800417796422e-02, 0.000000000000000e+00, 4.610445693489223e-08, 4.599288621656570e-03, 1.666662169619789e-03, -1.666657633880357e-03, -9.999972785489977e-01, -4.440892098500626e-15
4.681688076145732e-01, 2.156726967152094e-02, 4.536655521215446e+01, 3.754132083143008e+00, -7.138522865378922e+00, 9.999975773557522e-02, -2.748306198070390e-06, -2.587959047485730e-05, 9.869769018491055e-01, 1.302304314382367e-02, 0.000000000000000e+00, 5.500707992777736e-08, 4.340959374373236e-03, 1.666661297574822e-03, -1.666655884816424e-03, -9.999967523344988e-01, -4.440892098500626e-15
4.840135810598248e-01, 2.286899287164137e-02, 4.272733008457259e+01, 3.644371052269533e+00, -6.722339110643302e+00, 9.999971080903813e-02, -3.183468327422121e-06, -2.909545261554762e-05, 9.877090634191580e-01, 1.229087095182193e-02, 0.000000000000000e+00, 6.562902931881012e-08, 4.096891355165638e-03, 1.666660256633945e-03, -1.666653797329808e-03, -9.999961244026120e-01, -4.440892098500626e-15
5.003352548882396e-01, 2.424927147751580e-02, 4.023835229141672e+01, 3.537893807716770e+00, -6.330937790893458e+00, 9.999965481700965e-02, -3.687430742272009e-06, -3.271103696311298e-05, 9.884005374297238e-01, 1.159938427158363e-02, 0.000000000000000e+00, 7.829870163707016e-08, 3.866383125521646e-03, 1.666659014474966e-03, -1.666651306698728e-03, -9.999953753130240e-01, -4.440892098500626e-15
5.171489226926195e-01, 2.571294115723321e-02, 3.789092243026792e+01, 3.434589528544042e+00, -5.962764661214305e+00, 9.999958800671969e-02, -4.271100777597035e-06, -3.677630589179301e-05, 9.890535720000390e-01, 1.094633458850171e-02, 0.000000000000000e+00, 9.341146822528917e-08, 3.648684785214456e-03, 1.666657532177569e-03, -1.666648334993657e-03, -9.999944816594081e-01, -4.440892098500626e-15
5.344724390574440e-01, 2.726534758592924e-02, 3.567659093097598e+01, 3.334339556415214e+00, -5.616329159860047e+00, 9.999950827419792e-02, -4.947217955308050e-06, -4.134814330441372e-05, 9.896703674536736e-01, 1.032952110447936e-02, 0.000000000000000e+00, 1.114418559531005e-07, 3.443062260370943e-03, 1.666655763021259e-03, -1.666644788672533e-03, -9.999934153476868e-01, -4.440892098500626e-15
5.523228046756977e-01, 2.891205639937791e-02, 3.358764697282192e+01, 3.237040003114577e+00, -5.290278149522271e+00, 9.999941310994236e-02, -5.730522410409836e-06, -4.649034937608801e-05, 9.902529377407384e-01, 9.746929303500240e-03, 0.000000000000000e+00, 1.329557701630512e-07, 3.248843479774539e-03, 1.666653651278058e-03, -1.666640556166245e-03, -9.999921428715542e-01, -4.440892098500626e-15
5.707095174733662e-01, 3.065821470172311e-02, 3.161768533259688e+01, 3.142632166102822e+00, -4.983480998498767e+00, 9.999929956729070e-02, -6.637705601407161e-06, -5.227222025048421e-05, 9.908029493438831e-01, 9.196892038545170e-03, 0.000000000000000e+00, 1.586175806193144e-07, 3.065472063421467e-03, 1.666651131508900e-03, -1.666635506474015e-03, -9.999906248916827e-01, -4.440892098500626e-15
5.896531142027046e-01, 3.251029723751217e-02, 2.975948499314688e+01, 3.051003577483183e+00, -4.694696557847188e+00, 9.999916406564659e-02, -7.688622800772575e-06, -5.877502778973000e-05, 9.913223112217642e-01, 8.677499543723901e-03, 0.000000000000000e+00, 1.892345206974693e-07, 2.892310615504096e-03, 1.666648124194807e-03, -1.666629480414561e-03, -9.999888136073988e-01, -4.218847493575595e-15
6.091652037615175e-01, 3.447423668217918e-02, 2.800716872193813e+01, 2.962091662723546e+00, -4.422907748601270e+00, 9.999900240227418e-02, -8.905738762815083e-06, -6.608688478447711e-05, 9.918125703121685e-01, 8.187203933913438e-03, 0.000000000000000e+00, 2.257539267889693e-07, 2.728842227057489e-03, 1.666644535996138e-03, -1.666622291153874e-03, -9.999866529174141e-01, -4.440892098500626e-15
6.292668714899614e-01, 3.655724135739902e-02, 2.635436162219074e+01, 2.875794187790811e+00, -4.167033512553653e+00, 9.999880948828188e-02, -1.031563915252246e-05, -7.431028829213748e-05, 9.922754245309030e-01, 7.724306146321390e-03, 0.000000000000000e+00, 2.693227844279925e-07, 2.574499396945006e-03, 1.666640253890245e-03, -1.666613712467653e-03, -9.999840748940690e-01, -4.440892098500626e-15
6.499703965692439e-01, 3.876597350212873e-02, 2.479581807600131e+01, 2.792052537033601e+00, -3.926179648986059e+00, 9.999857934606578e-02, -1.194844020786823e-05, -8.355658960510004e-05, 9.927122662226505e-01, 7.287412489174848e-03, 0.000000000000000e+00, 3.212881833328200e-07, 2.428816214312817e-03, 1.666635145111716e-03, -1.666603478632088e-03, -9.999809997528729e-01, -4.218847493575595e-15
6.712998409654308e-01, 4.110872171966426e-02, 2.332573814431336e+01, 2.710764314621069e+00, -3.699376814908974e+00, 9.999830471436451e-02, -1.383994257450999e-05, -9.395619033873596e-05, 9.931246523877635e-01, 6.874964325877962e-03, 0.000000000000000e+00, 3.832863672693803e-07, 2.291271497614245e-03, 1.666629048382318e-03, -1.666591266866646e-03, -9.999773305789260e-01, -4.218847493575595e-15
6.932699545289727e-01, 4.359318602301335e-02, 2.193936486936487e+01, 2.631869540262004e+00, -3.485826212300460e+00, 9.999797705337414e-02, -1.603075968310473e-05, -1.056510061905377e-04, 9.935138558959177e-01, 6.485686862678811e-03, 0.000000000000000e+00, 4.572414120779822e-07, 2.161438391847666e-03, 1.666621774020837e-03, -1.666576697568210e-03, -9.999729533999079e-01, -4.218847493575595e-15
7.159043442050744e-01, 4.622848902276956e-02, 2.063168256499701e+01, 2.555280223136678e+00, -3.284697510827967e+00, 9.999758604500648e-02, -1.856879587230615e-05, -1.188052072143846e-04, 9.938812294591141e-01, 6.118225063045366e-03, 0.000000000000000e+00, 5.454778492003183e-07, 2.038862894101527e-03, 1.666613092845015e-03, -1.666559312097811e-03, -9.999677305143978e-01, -4.218847493575595e-15
7.392150812246980e-01, 4.902286486073158e-02, 1.939864464961171e+01, 2.480951756710712e+00, -3.095316911418556e+00, 9.999711960369216e-02, -2.150810299792849e-05, -1.335960737955966e-04, 9.942278599122947e-01, 5.771489369703892e-03, 0.000000000000000e+00, 6.507180101265552e-07, 1.923179096943380e-03, 1.666602736407426e-03, -1.666538573270946e-03, -9.999615006413474e-01, -4.218847493575595e-15
7.632306730740824e-01, 5.198697816770460e-02, 1.823558620341624e+01, 2.408789974002480e+00, -2.916922200245498e+00, 9.999656298399356e-02, -2.491334332363492e-05, -1.502332776300180e-04, 9.945550133794325e-01, 5.444210337446022e-03, 0.000000000000000e+00, 7.762831299993445e-07, 1.813960531675667e-03, 1.666590377178080e-03, -1.666513825692517e-03, -9.999540670061394e-01, -4.218847493575595e-15
7.879671474867158e-01, 5.513051292279331e-02, 1.713877555248642e+01, 2.338744713002622e+00, -2.748900369449693e+00, 9.999589888605037e-02, -2.885761172861793e-05, -1.689437069757777e-04, 9.948636983689276e-01, 5.135375561847971e-03, 0.000000000000000e+00, 9.260692331615676e-07, 1.710865835465894e-03, 1.666575630881101e-03, -1.666484300461968e-03, -9.999451987551954e-01, -4.218847493575595e-15
8.134423524921364e-01, 5.846386308660394e-02, 1.610458302282687e+01, 2.270761542756557e+00, -2.590659138528389e+00, 9.999510668563145e-02, -3.342554993260283e-05, -1.899826965735677e-04, 9.951548986142352e-01, 4.843996665308973e-03, 0.000000000000000e+00, 1.104720464601558e-06, 1.613560906864249e-03, 1.666558039395182e-03, -1.666449080961757e-03, -9.999346206787584e-01, -4.440892098500626e-15
8.396811303130122e-01, 6.199889317468799e-02, 1.512932019903003e+01, 2.204770452001819e+00, -2.441601905035893e+00, 9.999416158567123e-02, -3.871632242851642e-05, -2.136426260241147e-04, 9.954296177623717e-01, 4.569064417660830e-03, 0.000000000000000e+00, 1.317819976653429e-06, 1.521703755364414e-03, 1.666537051909353e-03, -1.666407065164424e-03, -9.999220018872186e-01, -4.440892098500626e-15
8.667061693474160e-01, 6.574781245538958e-02, 1.420963150946669e+01, 2.140711634483560e+00, -2.301187168686383e+00, 9.999303409051778e-02, -4.484429037064811e-05, -2.402499839354312e-04, 9.956887684819609e-01, 4.309659510144507e-03, 0.000000000000000e+00, 1.572007903533272e-06, 1.434981308421850e-03, 1.666512013245254e-03, -1.666356942297230e-03, -9.999069487967731e-01, -4.440892098500626e-15
8.945388267167604e-01, 6.972327811285162e-02, 1.334241227702225e+01, 2.078531566972774e+00, -2.168915432040276e+00, 9.999168912087759e-02, -5.194136054501943e-05, -2.701696340597275e-04, 9.959331948401920e-01, 4.064929979607060e-03, 0.000000000000000e+00, 1.875180210046196e-06, 1.353101687816497e-03, 1.666482144202362e-03, -1.666297153546381e-03, -9.998889933164750e-01, -4.440892098500626e-15
9.232120551249379e-01, 7.394032275487629e-02, 1.252442027221272e+01, 2.018155299358621e+00, -2.044269551810144e+00, 9.999008422337914e-02, -6.016342781423162e-05, -3.038246403181375e-04, 9.961637811539059e-01, 3.833981954729724e-03, 0.000000000000000e+00, 2.236891373331453e-06, 1.275757389770443e-03, 1.666446501798287e-03, -1.666225812534530e-03, -9.998675689477468e-01, -4.440892098500626e-15
9.527395982625210e-01, 7.841190423389242e-02, 1.175316560374725e+01, 1.959552324242060e+00, -1.926849981782778e+00, 9.998816991813785e-02, -6.968513126104914e-05, -3.416666143116207e-04, 9.963812004934480e-01, 3.616131231675353e-03, 0.000000000000000e+00, 2.668274885638420e-06, 1.202709223885748e-03, 1.666403986994462e-03, -1.666140720865006e-03, -9.998420154227242e-01, -4.440892098500626e-15
9.827395982625210e-01, 8.308897187663554e-02, 1.103529153645958e+01, 1.903408819225759e+00, -1.817648397608320e+00, 9.998591945720467e-02, -8.055535200116239e-05, -3.836209809509543e-04, 9.965835519488120e-01, 3.413272713746307e-03, 0.000000000000000e+00, 3.175337450886721e-06, 1.134582830837819e-03, 1.666354005634844e-03, -1.666040690932695e-03, -9.998119759060262e-01, -4.440892098500626e-15
1.012739598262521e+00, 8.790104124319713e-02, 1.037642951501888e+01, 1.850402930887277e+00, -1.717500834096157e+00, 9.998332345668250e-02, -9.273981857769504e-05, -4.293183880878594e-04, 9.967692227844289e-01, 3.227017043964724e-03, 0.000000000000000e+00, 3.760171615359973e-06, 1.071913013668096e-03, 1.666296349290915e-03, -1.665925307190283e-03, -9.997773252634263e-01, -4.440892098500626e-15
1.042739598262521e+00, 9.284811265040872e-02, 9.770278161336410e+00, 1.800278038868100e+00, -1.625430570306184e+00, 9.998034077276335e-02, -1.063540359439063e-04, -4.789740540485422e-04, 9.969399673813362e-01, 3.055600596038793e-03, 0.000000000000000e+00, 4.432022634301320e-06, 1.014102672720944e-03, 1.666230104248823e-03, -1.665792742763806e-03, -9.997375143541694e-01, -4.662936703425657e-15
1.072739598262521e+00, 9.793018646215337e-02, 9.211356029496232e+00, 1.752804841275788e+00, -1.540589456648863e+00, 9.997692669877195e-02, -1.215200525933492e-04, -5.328089886807815e-04, 9.970973112226605e-01, 2.897487844491706e-03, 0.000000000000000e+00, 5.200932856935703e-06, 9.606299508063039e-04, 1.666154277754658e-03, -1.665641012955882e-03, -9.996919464147895e-01, -4.440892098500626e-15
1.102739598262521e+00, 1.031472630947831e-01, 8.694876722818027e+00, 1.707777804786309e+00, -1.462238079887686e+00, 9.997303276626057e-02, -1.383666335657632e-04, -5.910499428903261e-04, 9.972425853577559e-01, 2.751336856914336e-03, 0.000000000000000e+00, 6.077785338892315e-06, 9.110366884576501e-04, 1.666067793626377e-03, -1.665467966534893e-03, -9.996399743793273e-01, -4.440892098500626e-15
1.132739598262521e+00, 1.084993430229877e-01, 8.216645669348708e+00, 1.665012155545291e+00, -1.389729416096812e+00, 9.996860654093763e-02, -1.570294318320249e-04, -6.539293509117286e-04, 9.973769549249979e-01, 2.615970726630442e-03, 0.000000000000000e+00, 7.074348380597594e-06, 8.649188587022132e-04, 1.665969487757549e-03, -1.665271276821383e-03, -9.995808981249076e-01, -4.440892098500626e-15
1.162739598262521e+00, 1.139864267861377e-01, 7.772974363660056e+00, 1.624341316928798e+00, -1.322495286439151e+00, 9.996359141348174e-02, -1.776511578281789e-04, -7.216852645023432e-04, 9.975014428739037e-01, 2.490353805166061e-03, 0.000000000000000e+00, 8.203320939210784e-06, 8.219186012447718e-04, 1.665858103515251e-03, -1.665048432578589e-03, -9.995139616423795e-01, -4.440892098500626e-15
1.192739598262521e+00, 1.196085149951257e-01, 7.360608774724378e+00, 1.585614718457407e+00, -1.260035078668512e+00, 9.995792638530077e-02, -2.003817468832631e-04, -7.945612781828321e-04, 9.976169497866437e-01, 2.373571834510920e-03, 0.000000000000000e+00, 9.478378854386263e-06, 7.817175561794823e-04, 1.665732287034706e-03, -1.664796728715030e-03, -9.994383501316766e-01, -4.440892098500626e-15
1.222739598262521e+00, 1.253656083397300e-01, 6.976669305429331e+00, 1.548695914496502e+00, -1.201906310533627e+00, 9.995154584930309e-02, -2.253785242583189e-04, -8.728064445789637e-04, 9.977242705135286e-01, 2.264815264660235e-03, 0.000000000000000e+00, 1.091422182008231e-05, 7.440312591936457e-04, 1.665590582413671e-03, -1.664513256808108e-03, -9.993531870215057e-01, -4.440892098500626e-15
1.252739598262521e+00, 1.312577075965246e-01, 6.618600220216534e+00, 1.513460962724916e+00, -1.147716698558816e+00, 9.994437936575741e-02, -2.528063674845543e-04, -9.566751788476579e-04, 9.978241081930861e-01, 2.163365185897074e-03, 0.000000000000000e+00, 1.252662102573755e-05, 7.086044082354912e-04, 1.665431426809930e-03, -1.664194895458882e-03, -9.992575309129258e-01, -4.440892098500626e-15
1.282739598262521e+00, 1.372848136373593e-01, 6.284126871028288e+00, 1.479797021391380e+00, -1.097117463411288e+00, 9.993635143332719e-02, -2.828378656569980e-04, -1.046427151095167e-03, 9.979170861149074e-01, 2.068581417721268e-03, 0.000000000000000e+00, 1.433246738034546e-05, 6.752068491192696e-04, 1.665253145445692e-03, -1.663838300489467e-03, -9.991503724463190e-01, -4.440892098500626e-15
1.312739598262521e+00, 1.434469274384355e-01, 5.971219376094199e+00, 1.447601131616324e+00, -1.049797655961280e+00, 9.992738125537655e-02, -3.156534753060491e-04, -1.142327165616958e-03, 9.980037577951056e-01, 1.979892384681185e-03, 0.000000000000000e+00, 1.634982022221415e-05, 6.436301570122298e-04, 1.665053946523188e-03, -1.663439894995939e-03, -9.990306310911916e-01, -4.440892098500626e-15
1.342739598262521e+00, 1.497440500900007e-01, 5.678061661875511e+00, 1.416779156825165e+00, -1.005479329702330e+00, 9.991738250165663e-02, -3.514416724330055e-04, -1.244645025707298e-03, 9.980846155644236e-01, 1.896786479180065e-03, 0.000000000000000e+00, 1.859795640544174e-05, 6.136847140429044e-04, 1.664831916056262e-03, -1.662995859271191e-03, -9.988971518581764e-01, -4.440892098500626e-15
1.372739598262521e+00, 1.561761828066874e-01, 5.403024981330126e+00, 1.387244856117532e+00, -9.639134180444322e-01, 9.990626306549387e-02, -3.903991002568222e-04, -1.353655382701736e-03, 9.981600979135701e-01, 1.818804666797966e-03, 0.000000000000000e+00, 2.109741964130457e-05, 5.851972017851044e-04, 1.664585012623326e-03, -1.662502120613896e-03, -9.987487019325333e-01, -4.662936703425657e-15
1.402739598262521e+00, 1.627433269385186e-01, 5.144645183379968e+00, 1.358919072215093e+00, -9.248762010942168e-01, 9.989392481661642e-02, -4.327307121779416e-04, -1.469637567827757e-03, 9.982305957960792e-01, 1.745534133971308e-03, 0.000000000000000e+00, 2.387006995878424e-05, 5.580084421663028e-04, 1.664311062047670e-03, -1.661954343041601e-03, -9.985839672283564e-01, -4.662936703425657e-15
1.432739598262521e+00, 1.694454839826052e-01, 4.901603138049150e+00, 1.331729017767942e+00, -8.881662673881670e-01, 9.988026334977008e-02, -4.786499094209338e-04, -1.592875405347737e-03, 9.982964580534469e-01, 1.676602813428931e-03, 0.000000000000000e+00, 2.693913313328599e-05, 5.319715322310165e-04, 1.664007752011814e-03, -1.661347916927994e-03, -9.984015488626153e-01, -4.440892098500626e-15
1.462739598262521e+00, 1.762826555955570e-01, 4.672707826085209e+00, 1.305607646375287e+00, -8.536018927870038e-01, 9.986516772929196e-02, -5.283786727708064e-04, -1.723657005384316e-03, 9.983579960986347e-01, 1.611674651458320e-03, 0.000000000000000e+00, 3.032924991616488e-05, 5.069502277799968e-04, 1.663672626613289e-03, -1.660677948586583e-03, -9.981999595480496e-01, -4.440892098500626e-15
1.492739598262521e+00, 1.832548436066310e-01, 4.456881686284746e+00, 1.280493096800170e+00, -8.210187722466132e-01, 9.984852022982858e-02, -5.821476877680982e-04, -1.862274534721202e-03, 9.984154879708240e-01, 1.550445504305511e-03, 0.000000000000000e+00, 3.406652487991330e-05, 4.828175386837818e-04, 1.663303080870067e-03, -1.659939249825429e-03, -9.979776199038370e-01, -4.662936703425657e-15
1.522739598262521e+00, 1.903620500316373e-01, 4.253147882331614e+00, 1.256328200616597e+00, -7.902680511284917e-01, 9.983019607340471e-02, -6.401964626751703e-04, -2.009023963772657e-03, 9.984691818554212e-01, 1.492639569913336e-03, 0.000000000000000e+00, 3.817857467471736e-05, 4.594545050065136e-04, 1.662896355184700e-03, -1.659126327500110e-03, -9.977328546828335e-01, -4.662936703425657e-15
1.552739598262521e+00, 1.976042770876242e-01, 4.060619206924186e+00, 1.233060044989342e+00, -7.612146116248918e-01, 9.981006316307089e-02, -7.027734384703786e-04, -2.164204787812500e-03, 9.985192991478917e-01, 1.438006276646000e-03, 0.000000000000000e+00, 4.269457547150071e-05, 4.367491282633244e-04, 1.662449529777171e-03, -1.658233373094896e-03, -9.974638889140648e-01, -4.662936703425657e-15
1.582739598262521e+00, 2.049815272083616e-01, 3.878488386826732e+00, 1.210639583506521e+00, -7.337355771597697e-01, 9.978798181338072e-02, -7.701360900679646e-04, -2.328119720448554e-03, 9.985660371273476e-01, 1.386317563316960e-03, 0.000000000000000e+00, 4.764530934448985e-05, 4.145954363998686e-04, 1.661959519097458e-03, -1.657254252365076e-03, -9.971688439590054e-01, -4.440892098500626e-15
1.612739598262521e+00, 2.124938030606399e-01, 3.706019590202485e+00, 1.189021289006576e+00, -7.077190036071831e-01, 9.976380447797378e-02, -8.425510178994857e-04, -2.501074357221500e-03, 9.986095712954163e-01, 1.337365495270137e-03, 0.000000000000000e+00, 5.306320932270637e-05, 3.928926646052775e-04, 1.661423066229883e-03, -1.656182495076578e-03, -9.968457334800357e-01, -4.440892098500626e-15
1.642739598262521e+00, 2.201411075614013e-01, 3.542540968733347e+00, 1.168162843199766e+00, -6.830627310969783e-01, 9.973737547456729e-02, -9.202940289273362e-04, -2.683376807098054e-03, 9.986500574273065e-01, 1.290960169888262e-03, 0.000000000000000e+00, 5.898240281457266e-05, 3.715445369921610e-04, 1.660836737302501e-03, -1.655011284882438e-03, -9.964924593193157e-01, -4.662936703425657e-15
1.672739598262521e+00, 2.279234438957180e-01, 3.387438092842836e+00, 1.148024858608118e+00, -6.596733742537900e-01, 9.970853070768824e-02, -1.003650206092363e-03, -2.875337289517888e-03, 9.986876333748705e-01, 1.246927872055797e-03, 0.000000000000000e+00, 6.543875308297476e-05, 3.504586366123284e-04, 1.660196915915984e-03, -1.653733449379353e-03, -9.961068072861319e-01, -4.662936703425657e-15
1.702739598262522e+00, 2.358408155356276e-01, 3.240148159803720e+00, 1.128570628960094e+00, -6.374654320989978e-01, 9.967709738950893e-02, -1.092913965125677e-03, -3.077267694541851e-03, 9.987224206555309e-01, 1.205109446058561e-03, 0.000000000000000e+00, 7.246989841962720e-05, 3.295458533150008e-04, 1.659499797607805e-03, -1.652341450391411e-03, -9.956864428506028e-01, -4.440892098500626e-15
1.732739598262522e+00, 2.438932262598374e-01, 3.100154872422025e+00, 1.109765904695791e+00, -6.163605016637325e-01, 9.964289375918177e-02, -1.188389097579515e-03, -3.289481103536403e-03, 9.987545258559966e-01, 1.165358855375128e-03, 0.000000000000000e+00, 8.011528863741296e-05, 3.087199006678213e-04, 1.658741384368947e-03, -1.650827374532248e-03, -9.952289067414146e-01, -4.440892098500626e-15
1.762739598262522e+00, 2.520806801743019e-01, 2.966983900981809e+00, 1.091578690680665e+00, -5.962865817165285e-01, 9.960572880110519e-02, -1.290388798853330e-03, -3.512291267716199e-03, 9.987840418755598e-01, 1.127541905981664e-03, 0.000000000000000e+00, 8.841621846751891e-05, 2.878968946082280e-04, 1.657917479231819e-03, -1.649182924101286e-03, -9.947316104450624e-01, -4.440892098500626e-15
1.792739598262522e+00, 2.604031817336772e-01, 2.840198853724961e+00, 1.073979063603182e+00, -5.771774549841441e-01, 9.956540196259003e-02, -1.399235679909304e-03, -3.746012041753830e-03, 9.988110490303008e-01, 1.091535112293370e-03, 0.000000000000000e+00, 9.741585741465876e-05, 2.669949877207831e-04, 1.657023680949714e-03, -1.647399408374329e-03, -9.941918316038377e-01, -4.440892098500626e-15
1.822739598262522e+00, 2.688607357636527e-01, 2.719397691744285e+00, 1.056939006854815e+00, -5.589721389050543e-01, 9.952170287143638e-02, -1.515261761285989e-03, -3.990956769553733e-03, 9.988356160366032e-01, 1.057224687817283e-03, 0.000000000000000e+00, 1.071592755884949e-04, 2.459340540829454e-04, 1.656055378789784e-03, -1.645467735353706e-03, -9.936067093095550e-01, -4.440892098500626e-15
1.852739598262522e+00, 2.774533474841537e-01, 2.604209533125613e+00, 1.040432260968002e+00, -5.416143963562106e-01, 9.947441105397392e-02, -1.638808447930117e-03, -4.247437619176504e-03, 9.988578008899304e-01, 1.024505645086250e-03, 0.000000000000000e+00, 1.176934649925729e-04, 2.246354205185032e-04, 1.655007747463337e-03, -1.643378404048320e-03, -9.929732392897609e-01, -4.440892098500626e-15
1.882739598262522e+00, 2.861810225334063e-01, 2.494291798762682e+00, 1.024434187926221e+00, -5.250522989789861e-01, 9.942329565416458e-02, -1.770226483274479e-03, -4.515764863791432e-03, 9.988776516527366e-01, 9.932809915589452e-04, 0.000000000000000e+00, 1.290673557137351e-04, 2.030216408695999e-04, 1.653875742219102e-03, -1.641121497359371e-03, -9.922882689828815e-01, -4.662936703425657e-15
1.912739598262522e+00, 2.950437669928504e-01, 2.389327658713876e+00, 1.008921647866032e+00, -5.092378367357530e-01, 9.936811515441493e-02, -1.909875880894601e-03, -4.796246105429436e-03, 9.988952071636256e-01, 9.634610099686126e-04, 0.000000000000000e+00, 1.413318264151518e-04, 1.810163105655365e-04, 1.652654094127152e-03, -1.638686675653204e-03, -9.915484924984709e-01, -4.662936703425657e-15
1.942739598262522e+00, 3.040415874128794e-01, 2.289023743459246e+00, 9.938728868688390e-01, -4.941265681838973e-01, 9.930861709879706e-02, -2.058125831978513e-03, -5.089185438207087e-03, 9.989104976783791e-01, 9.349626131352379e-04, 0.000000000000000e+00, 1.545397084949297e-04, 1.585439193460459e-04, 1.651337305583187e-03, -1.636063171108641e-03, -9.907504454584148e-01, -4.662936703425657e-15
1.972739598262522e+00, 3.131744908393817e-01, 2.193108089103182e+00, 9.792674346942971e-01, -4.796773066835464e-01, 9.924453781943142e-02, -2.215354586742598e-03, -5.394882547595555e-03, 9.989235454522146e-01, 9.077087645648408e-04, 0.000000000000000e+00, 1.687457832298402e-04, 1.355297405021623e-04, 1.649919646065157e-03, -1.633239782932361e-03, -9.898904997145921e-01, -4.662936703425657e-15
2.002739598262522e+00, 3.224424848410495e-01, 2.101328289579947e+00, 9.650860114411839e-01, -4.658518383789965e-01, 9.917560216684253e-02, -2.381949307822325e-03, -5.713631742217638e-03, 9.989343652715484e-01, 8.816279572805458e-04, 0.000000000000000e+00, 1.840067711802438e-04, 1.118997554402525e-04, 1.648395148176395e-03, -1.630204873542212e-03, -9.889648579381551e-01, -4.440892098500626e-15
2.032739598262522e+00, 3.318455775374150e-01, 2.013449832361415e+00, 9.513104422381470e-01, -4.526146683283980e-01, 9.910152324515911e-02, -2.558305893559920e-03, -6.045720914572626e-03, 9.989429649426289e-01, 8.566537442924996e-04, 0.000000000000000e+00, 2.003813130879767e-04, 8.758061276325425e-05, 1.646757604011896e-03, -1.626946365825042e-03, -9.879695480752062e-01, -4.662936703425657e-15
2.062739598262521e+00, 3.413837776275651e-01, 1.929254597126629e+00, 9.379235791684358e-01, -4.399327916155228e-01, 9.902200215309440e-02, -2.744828769001830e-03, -6.391430427013668e-03, 9.989493457436134e-01, 8.327243149417488e-04, 0.000000000000000e+00, 2.179299414540368e-04, 6.249962140493456e-05, 1.645000561886798e-03, -1.623451741582346e-03, -9.869004176632400e-01, -4.440892098500626e-15
2.092739598262521e+00, 3.510570944194767e-01, 1.848539499404345e+00, 9.249092297216321e-01, -4.277754866729048e-01, 9.893672773170943e-02, -2.941930642307633e-03, -6.751031919237551e-03, 9.989535028460044e-01, 8.097821120673079e-04, 0.000000000000000e+00, 2.367150419376838e-04, 3.658477765383356e-05, 1.643117323468727e-03, -1.619708041284074e-03, -9.857531280023055e-01, -4.662936703425657e-15
2.122739598262521e+00, 3.608655378599059e-01, 1.771115263403781e+00, 9.122520911432728e-01, -4.161141283869416e-01, 9.884537632003296e-02, -3.150032224158950e-03, -7.124787033493335e-03, 9.989554257107730e-01, 7.877734855627924e-04, 0.000000000000000e+00, 2.568008036733519e-04, 9.764826168062771e-06, 1.641100941358293e-03, -1.615701865258018e-03, -9.845231481743876e-01, -4.440892098500626e-15
2.152739598262521e+00, 3.708091185647530e-01, 1.696805310156831e+00, 8.999376901216025e-01, -4.049220188507195e-01, 9.874761151968540e-02, -3.369561907642527e-03, -7.512946053676404e-03, 9.989550984640283e-01, 7.666483784234809e-04, 0.000000000000000e+00, 2.782531575569886e-04, -1.803064468623728e-05, 1.638944217164791e-03, -1.611419376449444e-03, -9.832057489040338e-01, -4.218847493575595e-15
2.182739598262521e+00, 3.808878478498162e-01, 1.625444748750029e+00, 8.879523273108001e-01, -3.941742338861475e-01, 9.864308396973222e-02, -3.600955405966209e-03, -7.915746454449549e-03, 9.989525002566512e-01, 7.463600418485146e-04, 0.000000000000000e+00, 3.011397015094945e-04, -4.687107263859798e-05, 1.636639700126945e-03, -1.606846304892936e-03, -9.817959962527500e-01, -4.440892098500626e-15
2.212739598262520e+00, 3.911017377618314e-01, 1.556879459863122e+00, 8.762830262429577e-01, -3.838474836791581e-01, 9.853143113307249e-02, -3.844655345250616e-03, -8.333411356525097e-03, 9.989476056119606e-01, 7.268647763662668e-04, 0.000000000000000e+00, 3.255296116823830e-04, -7.682475575300832e-05, 1.634179686331402e-03, -1.601967954045733e-03, -9.802887451391702e-01, -4.662936703425657e-15
2.242739598262520e+00, 4.014508011096873e-01, 1.490965262083940e+00, 8.649174862278143e-01, -3.739199860650499e-01, 9.841227709575348e-02, -4.101110809523498e-03, -8.766147884253835e-03, 9.989403847651769e-01, 7.081216963023200e-04, 0.000000000000000e+00, 3.514935385301611e-04, -1.079586502491931e-04, 1.631556218584637e-03, -1.596769209139151e-03, -9.786786326764375e-01, -4.662936703425657e-15
2.272739598262520e+00, 4.119350514956869e-01, 1.427567152562326e+00, 8.538440388805509e-01, -3.643713511695960e-01, 9.828523238068951e-02, -4.370776834928525e-03, -9.214145421699828e-03, 9.989308039981570e-01, 6.900925152161863e-04, 0.000000000000000e+00, 3.791034866359027e-04, -1.403381309351936e-04, 1.628761086996834e-03, -1.591234547711879e-03, -9.769600713176740e-01, -4.440892098500626e-15
2.302739598262520e+00, 4.225545033467155e-01, 1.366558614521444e+00, 8.430516079545245e-01, -3.551824762587478e-01, 9.814989377735493e-02, -4.654113850046491e-03, -9.677573763437841e-03, 9.989188259726659e-01, 6.727413502011370e-04, 0.000000000000000e+00, 4.084326771417700e-04, -1.740267131884430e-04, 1.625785830339358e-03, -1.585348052495994e-03, -9.751272417997866e-01, -4.440892098500626e-15
2.332739598262520e+00, 4.333091719451579e-01, 1.307820984981517e+00, 8.325296721882579e-01, -3.463354497785857e-01, 9.800584418911590e-02, -4.951587059115158e-03, -1.015658115639467e-02, 9.989044100652272e-01, 6.560345431764424e-04, 0.000000000000000e+00, 4.395553916056307e-04, -2.090857353585271e-04, 1.622621738240379e-03, -1.579093426833375e-03, -9.731740858752407e-01, -4.662936703425657e-15
2.362739598262519e+00, 4.441990734593930e-01, 1.251242876785100e+00, 8.222682309048277e-01, -3.378134636800729e-01, 9.785265249996342e-02, -5.263665764825272e-03, -1.065129222916977e-02, 9.988875127064224e-01, 6.399404975075143e-04, 0.000000000000000e+00, 4.725467960792970e-04, -2.455740004294494e-04, 1.619259854286199e-03, -1.572454012806667e-03, -9.710942988207630e-01, -4.440892098500626e-15
2.392739598262519e+00, 4.552242249736731e-01, 1.196719649657996e+00, 8.122577721274272e-01, -3.296007332223195e-01, 9.768987346251155e-02, -5.590822627265467e-03, -1.116180580541775e-02, 9.988680877273544e-01, 6.244295284706718e-04, 0.000000000000000e+00, 5.074827441842691e-04, -2.835473757740135e-04, 1.615690980098785e-03, -1.565412812275055e-03, -9.688813217112497e-01, -4.662936703425657e-15
2.422739598262519e+00, 4.663846445171840e-01, 1.144152925607642e+00, 8.024892429977456e-01, -3.216824235352529e-01, 9.751704760922912e-02, -5.933532855488874e-03, -1.168819259805850e-02, 9.988460867158222e-01, 6.094737262388052e-04, 0.000000000000000e+00, 5.444395579482336e-04, -3.230583498597550e-04, 1.611905680462893e-03, -1.557952511010660e-03, -9.665283334464466e-01, -4.440892098500626e-15
2.452739598262519e+00, 4.776803510920555e-01, 1.093450144461325e+00, 7.929540223041917e-01, -3.140445822994054e-01, 9.733370118898012e-02, -6.292273328080496e-03, -1.223049278130309e-02, 9.988214593846431e-01, 5.950468302049382e-04, 0.000000000000000e+00, 5.834937851611290e-04, -3.641555448269625e-04, 1.607894289578940e-03, -1.550055506136283e-03, -9.640282425172347e-01, -4.440892098500626e-15
2.482739598262519e+00, 4.891113647000779e-01, 1.044524155788525e+00, 7.836438949452273e-01, -3.066740779682985e-01, 9.713934613105836e-02, -6.667521639017900e-03, -1.278871343774960e-02, 9.987941539544100e-01, 5.811241135849602e-04, 0.000000000000000e+00, 6.247219320145856e-04, -4.068831839573311e-04, 1.603646918520481e-03, -1.541703937069373e-03, -9.613736784975977e-01, -4.662936703425657e-15
2.512739598262518e+00, 5.006777063678577e-01, 9.972928438425026e-01, 7.745510281693933e-01, -2.995585430187832e-01, 9.693348003901421e-02, -7.059755065039990e-03, -1.336282587811564e-02, 9.987641175528544e-01, 5.676822773507334e-04, 0.000000000000000e+00, 6.682001698043360e-04, -4.512805131895838e-04, 1.599153463977652e-03, -1.532879720180337e-03, -9.585569832475811e-01, -4.662936703425657e-15
2.542739598262518e+00, 5.123793981701242e-01, 9.516787825024380e-01, 7.656679494482359e-01, -2.926863217676833e-01, 9.671558621668563e-02, -7.469449450670941e-03, -1.395276283153826e-02, 9.987312966328640e-01, 5.546993526421762e-04, 0.000000000000000e+00, 7.140040145032036e-04, -4.973811760191783e-04, 1.594403618370244e-03, -1.523564587375473e-03, -9.555702018117719e-01, -4.662936703425657e-15
2.572739598262518e+00, 5.242164632508788e-01, 9.076089175044115e-01, 7.569875258514795e-01, -2.860464223400482e-01, 9.648513372896252e-02, -7.897078006990440e-03, -1.455841550479054e-02, 9.986956374110620e-01, 5.421546108933075e-04, 0.000000000000000e+00, 7.622079780540933e-04, -5.452125413464158e-04, 1.589386881416209e-03, -1.513740128815718e-03, -9.524050729970247e-01, -4.662936703425657e-15
2.602739598262518e+00, 5.361889258420546e-01, 8.650142735222592e-01, 7.485029448055877e-01, -2.796284724159842e-01, 9.624157749993105e-02, -8.343110020198876e-03, -1.517963050924342e-02, 9.986570863287358e-01, 5.300284809840060e-04, 0.000000000000000e+00, 8.128851902896291e-04, -5.947949841145581e-04, 1.584092573243126e-03, -1.503387839981952e-03, -9.490530196123912e-01, -4.662936703425657e-15
2.632739598262518e+00, 5.482968112793346e-01, 8.238296839018844e-01, 7.402076961274833e-01, -2.734226784200573e-01, 9.598435845116396e-02, -8.808009465998983e-03, -1.581620665494373e-02, 9.986155905367525e-01, 5.183024727975126e-04, 0.000000000000000e+00, 8.661069904594710e-04, -6.461411189107287e-04, 1.578509849131693e-03, -1.492489173295484e-03, -9.455051383534118e-01, -4.662936703425657e-15
2.662739598262517e+00, 5.605401460147504e-01, 7.839935410686629e-01, 7.320955552347758e-01, -2.674197878502013e-01, 9.571290368304185e-02, -9.292233525805511e-03, -1.646789161179139e-02, 9.985710984059453e-01, 5.069591066245345e-04, 0.000000000000000e+00, 9.219424874396978e-04, -6.992549870913888e-04, 1.572627715981334e-03, -1.481025594498414e-03, -9.417521893121670e-01, -4.662936703425657e-15
2.692739598262517e+00, 5.729189576256640e-01, 7.454475658202671e-01, 7.241605674424828e-01, -2.616110544724012e-01, 9.542662670211065e-02, -9.796231000804170e-03, -1.713437843848502e-02, 9.985235600642874e-01, 4.959818479090639e-04, 0.000000000000000e+00, 9.804580878128601e-04, -7.541311984450527e-04, 1.566435050588681e-03, -1.468978643992645e-03, -9.377845850937704e-01, -4.662936703425657e-15
2.722739598262517e+00, 5.854332748197111e-01, 7.081365938893003e-01, 7.163970332640509e-01, -2.559882061335932e-01, 9.512492769759892e-02, -1.032044061991235e-02, -1.781530198066958e-02, 9.984729279619856e-01, 4.853550468794798e-04, 0.000000000000000e+00, 1.041716991144342e-03, -8.107540289216137e-04, 1.559920619829753e-03, -1.456330003328054e-03, -9.335923795192833e-01, -4.662936703425657e-15
2.752739598262517e+00, 5.980831274352635e-01, 6.720083783139994e-01, 7.087994946415448e-01, -2.505434149685871e-01, 9.480719387033656e-02, -1.086528923774971e-02, -1.851023514056897e-02, 9.984191574654152e-01, 4.750638826518310e-04, 0.000000000000000e+00, 1.105778651942536e-03, -8.690964765441683e-04, 1.553073102836253e-03, -1.443061567019608e-03, -9.291652558944323e-01, -4.662936703425657e-15
2.782739598262517e+00, 6.108685464369452e-01, 6.370134062930044e-01, 7.013627220362847e-01, -2.452692697976993e-01, 9.447279981743203e-02, -1.143118991880905e-02, -1.921868502132536e-02, 9.983622074805995e-01, 4.650943114309906e-04, 0.000000000000000e+00, 1.172698207979056e-03, -9.291192782792898e-04, 1.545881115255213e-03, -1.429155519859649e-03, -9.244925148229826e-01, -4.662936703425657e-15
2.812739598262517e+00, 6.237895639057186e-01, 6.031047293236584e-01, 6.940817023170232e-01, -2.401587505304781e-01, 9.412110797617775e-02, -1.201853990412979e-02, -1.994008895029996e-02, 9.983020411066763e-01, 4.554330184701436e-04, 0.000000000000000e+00, 1.242525874862890e-03, -9.907698913788543e-04, 1.538333235679405e-03, -1.414594419875031e-03, -9.195630615432131e-01, -4.662936703425657e-15
2.842739598262516e+00, 6.368462130230357e-01, 5.702378055341102e-01, 6.869516273880371e-01, -2.352052044076438e-01, 9.375146913076240e-02, -1.262771845692069e-02, -2.067381038672400e-02, 9.982386263195180e-01, 4.460673734802704e-04, 0.000000000000000e+00, 1.315306307010996e-03, -1.053981443523884e-03, 1.530418034333255e-03, -1.399361287058844e-03, -9.143653927657044e-01, -4.662936703425657e-15
2.872739598262516e+00, 6.500385280485346e-01, 5.383703532190263e-01, 6.799678835043165e-01, -2.304023239283825e-01, 9.336322298547288e-02, -1.325908458375869e-02, -2.141913472032792e-02, 9.981719366853603e-01, 4.369853892093224e-04, 0.000000000000000e+00, 1.391077925439473e-03, -1.118671657001114e-03, 1.522124104095405e-03, -1.383439697982973e-03, -9.088875829905789e-01, -4.440892098500626e-15
2.902739598262516e+00, 6.633665442907440e-01, 5.074622146782766e-01, 6.731260412254122e-01, -2.257441263236074e-01, 9.295569880816609e-02, -1.391297462820909e-02, -2.217526496892669e-02, 9.981019521039574e-01, 4.281756829359969e-04, 0.000000000000000e+00, 1.469872213115954e-03, -1.184741753128105e-03, 1.513440093934522e-03, -1.366813886370308e-03, -9.031172702825481e-01, -4.662936703425657e-15
2.932739598262516e+00, 6.768302980702469e-01, 4.774752295385749e-01, 6.664218459635011e-01, -2.212249344479211e-01, 9.252821614788263e-02, -1.458969973397389e-02, -2.294131738440605e-02, 9.980286595803964e-01, 4.196274406457161e-04, 0.000000000000000e+00, 1.551712978967139e-03, -1.252075344213962e-03, 1.504354744829287e-03, -1.349468849673809e-03, -8.970416414826048e-01, -4.662936703425657e-15
2.962739598262516e+00, 6.904298266747432e-01, 4.483731168107448e-01, 6.598512090848794e-01, -2.168393589739017e-01, 9.208008563055568e-02, -1.528954317498152e-02, -2.371631697814166e-02, 9.979520540243053e-01, 4.113303836768714e-04, 0.000000000000000e+00, 1.636615592027090e-03, -1.320537321500283e-03, 1.494856928236655e-03, -1.331390461673500e-03, -8.906474168360841e-01, -4.662936703425657e-15
2.992739598262515e+00, 7.041651683054487e-01, 4.201213650008684e-01, 6.534101995274363e-01, -2.125822817821571e-01, 9.161060983684149e-02, -1.601275755018764e-02, -2.449919297859701e-02, 9.978721390747219e-01, 4.032747376438530e-04, 0.000000000000000e+00, 1.724586187643503e-03, -1.389972748770082e-03, 1.484935687164354e-03, -1.312565591061646e-03, -8.839208340181610e-01, -4.662936703425657e-15
3.022739598262515e+00, 7.180363620142605e-01, 3.926871296528289e-01, 6.470950358997205e-01, -2.084488404494375e-01, 9.111908426615854e-02, -1.675956184126661e-02, -2.528877423569038e-02, 9.977889279484174e-01, 3.954512034600507e-04, 0.000000000000000e+00, 1.815620848131917e-03, -1.460205772638639e-03, 1.474580279894082e-03, -1.292982225940352e-03, -8.768476315397530e-01, -4.662936703425657e-15
3.052739598262515e+00, 7.320434476311248e-01, 3.660391377533345e-01, 6.409020790300243e-01, -2.044344137450887e-01, 9.060479839107005e-02, -1.753013833184002e-02, -2.608378458849975e-02, 9.977024443089275e-01, 3.878509302990814e-04, 0.000000000000000e+00, 1.909704760782604e-03, -1.531038561945998e-03, 1.463780226390854e-03, -1.272629604104630e-03, -8.694130315194026e-01, -4.440892098500626e-15
3.082739598262515e+00, 7.461864656810520e-01, 3.401475984790072e-01, 6.348278249364872e-01, -2.005346080533547e-01, 9.006703680617772e-02, -1.832462938741726e-02, -2.688283821499222e-02, 9.976127231529810e-01, 3.804654903461359e-04, 0.000000000000000e+00, 2.006811356682279e-03, -1.602250290150217e-03, 1.452525357421335e-03, -1.251498348927123e-03, -8.616017218101483e-01, -4.662936703425657e-15
3.112739598262515e+00, 7.604654572902332e-01, 3.149841198090710e-01, 6.288688981916014e-01, -1.967452446455824e-01, 8.950508047571015e-02, -1.914313409581713e-02, -2.768443498472333e-02, 9.975198117103926e-01, 3.732868552036811e-04, 0.000000000000000e+00, 2.106901434412842e-03, -1.673596176165982e-03, 1.440805866389727e-03, -1.229580610598056e-03, -8.533978374748400e-01, -4.440892098500626e-15
3.142739598262514e+00, 7.748804640807402e-01, 2.905216305670122e-01, 6.230220456566834e-01, -1.930623477323194e-01, 8.891820808398691e-02, -1.998570476850390e-02, -2.848695583785418e-02, 9.974237703528503e-01, 3.663073738269612e-04, 0.000000000000000e+00, 2.209922273331770e-03, -1.744806600694740e-03, 1.428612363883664e-03, -1.206870212405401e-03, -8.447849416090311e-01, -4.440892098500626e-15
3.172739598262514e+00, 7.894315280533121e-01, 2.667343074907793e-01, 6.172841305638985e-01, -1.894821332306996e-01, 8.830569749291521e-02, -2.085234330400883e-02, -2.928865821638207e-02, 9.973246735063119e-01, 3.595197518748965e-04, 0.000000000000000e+00, 2.315806741822321e-03, -1.815586316737364e-03, 1.415935934904581e-03, -1.183362801665503e-03, -8.357460055177212e-01, -4.440892098500626e-15
3.202739598262514e+00, 8.041186914577738e-01, 2.435975069639484e-01, 6.116521269252870e-01, -1.860009981874340e-01, 8.766682731062873e-02, -2.174299741542589e-02, -3.008767157617480e-02, 9.972226105610131e-01, 3.529170323712105e-04, 0.000000000000000e+00, 2.424472406624985e-03, -1.885613774653210e-03, 1.402768198737058e-03, -1.159056004833476e-03, -8.262633882611528e-01, -4.662936703425657e-15
3.232739598262514e+00, 8.189419966506757e-01, 2.210877010701842e-01, 6.061231142499605e-01, -1.826155108022339e-01, 8.700087857530577e-02, -2.265755672486962e-02, -3.088199301123740e-02, 9.971176867723087e-01, 3.464925775790176e-04, 0.000000000000000e+00, 2.535820650121734e-03, -1.954540583811338e-03, 1.389101371389610e-03, -1.133949586235423e-03, -8.163188155959119e-01, -4.662936703425657e-15
3.262739598262514e+00, 8.339014859397990e-01, 1.991824176605341e-01, 6.006942725522324e-01, -1.793224010006262e-01, 8.630713655810182e-02, -2.359584872877090e-02, -3.166948302462342e-02, 9.970100241447714e-01, 3.402400519997370e-04, 0.000000000000000e+00, 2.649735803238637e-03, -2.021991134548812e-03, 1.374928330515183e-03, -1.108045609771095e-03, -8.058933583512041e-01, -4.884981308350689e-15
3.292739598262513e+00, 8.489972014152390e-01, 1.778601841478940e-01, 5.953628776349185e-01, -1.761185515089398e-01, 8.558489268900046e-02, -2.455763463896479e-02, -3.244786148352567e-02, 9.968997622911399e-01, 3.341534064141681e-04, 0.000000000000000e+00, 2.766084302455614e-03, -2.087562405781211e-03, 1.360242682693293e-03, -1.081348602835949e-03, -7.949674102968666e-01, -4.662936703425657e-15
3.322739598262513e+00, 8.642291847668575e-01, 1.571004747655789e-01, 5.901262966334043e-01, -1.730009893877733e-01, 8.483344660921949e-02, -2.554260510569964e-02, -3.321470379934040e-02, 9.967870592568603e-01, 3.282268628899166e-04, 0.000000000000000e+00, 2.884713880259377e-03, -2.150823985172193e-03, 1.345038832927063e-03, -1.053865721606034e-03, -7.835206655800560e-01, -4.662936703425657e-15
3.352739598262513e+00, 8.795974770879827e-01, 1.368836610475792e-01, 5.849819838073415e-01, -1.699668779835539e-01, 8.405210835360716e-02, -2.655037582997060e-02, -3.396743737688558e-02, 9.966720923000846e-01, 3.224549006851598e-04, 0.000000000000000e+00, 3.005452799240191e-03, -2.211318330227914e-03, 1.329312056177595e-03, -1.025606916717912e-03, -7.715320958323509e-01, -4.884981308350689e-15
3.382739598262513e+00, 8.951021186653457e-01, 1.171909653069123e-01, 5.799274765679954e-01, -1.670135092608848e-01, 8.324020066622059e-02, -2.758048307395862e-02, -3.470333838046168e-02, 9.965550586161186e-01, 3.168322429840514e-04, 0.000000000000000e+00, 3.128109140907130e-03, -2.268561299999831e-03, 1.313058570724862e-03, -9.965850982593617e-04, -7.589799270791142e-01, -4.884981308350689e-15
3.412739598262513e+00, 9.107431487553518e-01, 9.800441690572059e-02, 5.749603917303431e-01, -1.641382964813045e-01, 8.239706145199302e-02, -2.863237907984060e-02, -3.541952886805896e-02, 9.964361759944348e-01, 3.113538444039311e-04, 0.000000000000000e+00, 3.252470161170974e-03, -2.322042988212803e-03, 1.296275613108987e-03, -9.668162988655172e-04, -7.458416166194047e-01, -4.884981308350689e-15
3.442739598262512e+00, 9.265206053469253e-01, 7.930681112651694e-02, 5.700784219800120e-01, -1.613387671968657e-01, 8.152204636706506e-02, -2.970542740883099e-02, -3.611297434872722e-02, 9.963156833954835e-01, 3.060148792189540e-04, 0.000000000000000e+00, 3.378301725307657e-03, -2.371228889536481e-03, 1.278961514368058e-03, -9.363198335899107e-04, -7.320938300888215e-01, -5.107025913275720e-15
3.472739598262512e+00, 9.424345249113075e-01, 6.108167046841784e-02, 5.652793325460529e-01, -1.586125565296143e-01, 8.061453154997381e-02, -3.079889821402218e-02, -3.678048182191291e-02, 9.961938414337046e-01, 3.008107302488679e-04, 0.000000000000000e+00, 3.505347836056417e-03, -2.415561431333966e-03, 1.261115777248937e-03, -9.051184550916365e-04, -7.177124189708484e-01, -4.884981308350689e-15
3.502739598262512e+00, 9.584849421393550e-01, 4.331320820542328e-02, 5.605609580713717e-01, -1.559574007106478e-01, 7.967391649545980e-02, -3.191196346241285e-02, -3.741869836142009e-02, 9.960709327523334e-01, 2.957369783654279e-04, 0.000000000000000e+00, 3.633330269311345e-03, -2.454461903495244e-03, 1.242739154025767e-03, -8.732385025493999e-04, -7.026723988864475e-01, -5.107025913275720e-15
3.532739598262512e+00, 9.746718896670594e-01, 2.598629405593345e-02, 5.559211996733978e-01, -1.533711308549648e-01, 7.869962707216124e-02, -3.304369212345138e-02, -3.802411031053623e-02, 9.959472622748208e-01, 2.907893925724267e-04, 0.000000000000000e+00, 3.761948332617138e-03, -2.487332818831527e-03, 1.223833724517240e-03, -8.407100425818454e-04, -6.869479290689401e-01, -5.107025913275720e-15
3.553241873866535e+00, 9.858127501459668e-01, 1.439142459045351e-02, 5.527945187212255e-01, -1.516422017950221e-01, 7.801413675923009e-02, -3.382733163690651e-02, -3.841710016881250e-02, 9.958624740277634e-01, 2.874786493467994e-04, 0.000000000000000e+00, 3.850047322900051e-03, -2.506013653395480e-03, 1.210611129420409e-03, -8.181240486755430e-04, -6.757942569611328e-01, -5.107025913275720e-15
3.564790943580691e+00, 9.921165583674668e-01, 7.946084122923525e-03, 5.510487476275820e-01, -1.506817800565183e-01, 7.762089571501685e-02, -3.427225147074797e-02, -3.863051764471549e-02, 9.958146640513847e-01, 2.856383253399888e-04, 0.000000000000000e+00, 3.899697623285398e-03, -2.515095798964359e-03, 1.203055262323905e-03, -8.052792215432692e-04, -6.693617880759162e-01, -5.107025913275720e-15
3.571228756478213e+00, 9.956392852758184e-01, 4.379813842895430e-03, 5.500803980016888e-01, -1.501505783288080e-01, 7.739945603607748e-02, -3.452132311230854e-02, -3.874688764171294e-02, 9.957880079792186e-01, 2.846200734993536e-04, 0.000000000000000e+00, 3.927371947292401e-03, -2.519690414958511e-03, 1.198809907243084e-03, -7.980820243171464e-04, -6.657285859044193e-01, -5.107025913275720e-15
3.574796092513109e+00, 9.975940155077829e-01, 2.411787214854577e-03, 5.495452834519313e-01, -1.498575028393151e-01, 7.727606019657828e-02, -3.465966001226155e-02, -3.881055215277401e-02, 9.957732373465548e-01, 2.840581626977088e-04, 0.000000000000000e+00, 3.942704490758115e-03, -2.522089122705587e-03, 1.196447170129365e-03, -7.940826563723651e-04, -6.637005596214547e-01, -5.329070518200751e-15
3.576766254125082e+00, 9.986743981508036e-01, 1.327361401925353e-03, 5.492501990597757e-01, -1.496960319067432e-01, 7.720769972003384e-02, -3.473615748828780e-02, -3.884545922189848e-02, 9.957650801742101e-01, 2.837485394036677e-04, 0.000000000000000e+00, 3.951171286396957e-03, -2.523368349160603e-03, 1.195139141538650e-03, -7.918704904809876e-04, -6.625759821249890e-01, -5.329070518200751e-15
3.577852318059441e+00, 9.992702177479098e-01, 7.303152231785681e-04, 5.490876678782650e-01, -1.496071379043465e-01, 7.716995111861039e-02, -3.477835655282694e-02, -3.886462431204465e-02, 9.957605836308608e-01, 2.835780724441219e-04, 0.000000000000000e+00, 3.955838296705916e-03, -2.524059593081757e-03, 1.194417127931920e-03, -7.906499906176522e-04, -6.619546656925688e-01, -5.329070518200751e-15
3.578450404726930e+00, 9.995984072457282e-01, 4.017540958056731e-04, 5.489982044734362e-01, -1.495582204153810e-01, 7.714914369552396e-02, -3.480160411635132e-02, -3.887515471832914e-02, 9.957581074742871e-01, 2.834842627670393e-04, 0.000000000000000e+00, 3.958408262956793e-03, -2.524436011556757e-03, 1.194019231297122e-03, -7.899775596870800e-04, -6.616120904760375e-01, -5.329070518200751e-15
3.578779580192259e+00, 9.997790596337874e-01, 2.209891916455931e-04, 5.489489780063040e-01, -1.495313079825953e-01, 7.713768575500261e-02, -3.481440181635997e-02, -3.888094326938916e-02, 9.957567446627287e-01, 2.834326514293706e-04, 0.000000000000000e+00, 3.959822685852994e-03, -2.524641896623076e-03, 1.193800148879557e-03, -7.896073723329535e-04, -6.614234158657465e-01, -5.551115123125783e-15
3.578960695685281e+00, 9.998784633214018e-01, 1.215514515577887e-04, 5.489218969104069e-01, -1.495165037786888e-01, 7.713137968973365e-02, -3.482144404581435e-02, -3.888412600807154e-02, 9.957559948363459e-01, 2.834042603443038e-04, 0.000000000000000e+00, 3.960600903320882e-03, -2.524754786020151e-03, 1.193679581079422e-03, -7.894036632011963e-04, -6.613195665853252e-01, -5.551115123125783e-15
3.579060330088057e+00, 9.999331489331098e-01, 6.685553625418450e-05, 5.489070003285166e-01, -1.495083607504993e-01, 7.712791008294782e-02, -3.482531832968126e-02, -3.888587622182326e-02, 9.957555823471144e-01, 2.833886437798011e-04, 0.000000000000000e+00, 3.961029009116802e-03, -2.524816769936815e-03, 1.193613246851739e-03, -7.892915910693559e-04, -6.612624257909190e-01, -5.329070518200751e-15
3.579115135328439e+00, 9.999632301300759e-01, 3.677122199707838e-05, 5.488988066096006e-01, -1.495038818683322e-01, 7.712600141460581e-02, -3.482744950585154e-02, -3.888683875076634e-02, 9.957553554524070e-01, 2.833800542252095e-04, 0.000000000000000e+00, 3.961264493378913e-03, -2.524850829224610e-03, 1.193576756387841e-03, -7.892299416807518e-04, -6.612309911841979e-01, -5.551115123125783e-15
3.579145280122464e+00, 9.999797760320933e-01, 2.022437692383861e-05, 5.488942998830060e-01, -1.495014184175897e-01, 7.712495153064555e-02, -3.482862174957486e-02, -3.888736811485535e-02, 9.957552306525643e-01, 2.833753298358174e-04, 0.000000000000000e+00, 3.961394017610948e-03, -2.524869552188706e-03, 1.193556684624074e-03, -7.891960315774014e-04, -6.612136999810521e-01, -5.551115123125783e-15
3.579161860337562e+00, 9.999888766544598e-01, 1.112346927034658e-05, 5.488918211285636e-01, -1.495000634998506e-01, 7.712437405926023e-02, -3.482926651291642e-02, -3.888765925698470e-02, 9.957551620103053e-01, 2.833727313810021e-04, 0.000000000000000e+00, 3.961465258324715e-03, -2.524879846900821e-03, 1.193545644546323e-03, -7.891773801312407e-04, -6.612041891629653e-01, -5.551115123125783e-15
3.579170979630836e+00, 9.999938821105860e-01, 6.117926842685861e-06, 5.488904577970378e-01, -1.494993182890950e-01, 7.712405643934737e-02, -3.482962114161608e-02, -3.888781938269904e-02, 9.957551242563535e-01, 2.833713022185567e-04, 0.000000000000000e+00, 3.961504441439108e-03, -2.524885508109621e-03, 1.193539572319727e-03, -7.891671215668200e-04, -6.611989580144538e-01, -5.551115123125783e-15
3.579175995295068e+00, 9.999966351458887e-01, 3.364865433619357e-06, 5.488897079596823e-01, -1.494989084213646e-01, 7.712388174517326e-02, -3.482981619008167e-02, -3.888790745109866e-02, 9.957551034914655e-01, 2.833705161754917e-04, 0.000000000000000e+00, 3.961525992370376e-03, -2.524888621507374e-03, 1.193536232539486e-03, -7.891614792750039e-04, -6.611960808227043e-01, -5.551115123125783e-15
3.579178753926407e+00, 9.999981493257213e-01, 1.850677703751913e-06, 5.488892955476192e-01, -1.494986829935639e-01, 7.712378566240281e-02, -3.482992346754869e-02, -3.888795588849358e-02, 9.957550920707120e-01, 2.833700838506807e-04, 0.000000000000000e+00, 3.961537845448625e-03, -2.524890333795340e-03, 1.193534395643531e-03, -7.891583759898858e-04, -6.611944983490708e-01, -5.551115123125783e-15
3.579180271178487e+00, 9.999989821277802e-01, 1.017873255904078e-06, 5.488890687205256e-01, -1.494985590081075e-01, 7.712373281658422e-02, -3.482998247040086e-02, -3.888798252899275e-02, 9.957550857892780e-01, 2.833698460716942e-04, 0.000000000000000e+00, 3.961544364661641e-03, -2.524891275529280e-03, 1.193533385345666e-03, -7.891566691756235e-04, -6.611936279830758e-01, -5.551115123125783e-15
3.579181105668596e+00, 9.999994401698657e-01, 5.598304475551430e-07, 5.488889439654852e-01, -1.494984908160562e-01, 7.712370375129481e-02, -3.483001492204376e-02, -3.888799718124675e-02, 9.957550823344834e-01, 2.833697152931487e-04, 0.000000000000000e+00, 3.961547950234847e-03, -2.524891793475554e-03, 1.193532829680302e-03, -7.891557304255265e-04, -6.611931492801156e-01, -5.773159728050814e-15
3.579181564638600e+00, 9.999996920933011e-01, 3.079067936173630e-07, 5.488888753501709e-01, -1.494984533104128e-01, 7.712368776535865e-02, -3.483003277046980e-02, -3.888800523998021e-02, 9.957550804343446e-01, 2.833696433649175e-04, 0.000000000000000e+00, 3.961549922301938e-03, -2.524892078343767e-03, 1.193532524063885e-03, -7.891552141122917e-04, -6.611928859929846e-01, -5.773159728050814e-15
3.579181817072235e+00, 9.999998306512777e-01, 1.693487510223690e-07, 5.488888376117355e-01, -1.494984326823044e-01, 7.712367897308560e-02, -3.483004258711092e-02, -3.888800967228172e-02, 9.957550793892677e-01, 2.833696038043809e-04, 0.000000000000000e+00, 3.961551006939390e-03, -2.524892235020608e-03, 1.193532355974716e-03, -7.891549301398062e-04, -6.611927411849102e-01, -5.551115123125783e-15
3.579181955910776e+00, 9.999999068581913e-01, 9.314181736996829e-08, 5.488888168555921e-01, -1.494984213368433e-01, 7.712367413733295e-02, -3.483004798626559e-02, -3.888801211004697e-02, 9.957550788144749e-01, 2.833695820460829e-04, 0.000000000000000e+00, 3.961551603490155e-03, -2.524892321192665e-03, 1.193532263525630e-03, -7.891547739548770e-04, -6.611926615404233e-01, -5.551115123125783e-15
3.579182055910775e+00, 9.999999617470686e-01, 3.825293282133657e-08, 5.488888019057504e-01, -1.494984131651499e-01, 7.712367065432796e-02, -3.483005187506689e-02, -3.888801386587390e-02, 9.957550784004742e-01, 2.833695663744288e-04, 0.000000000000000e+00, 3.961552033162464e-03, -2.524892383258945e-03, 1.193532196938142e-03, -7.891546614609402e-04, -6.611926041755873e-01, -5.551115123125783e-15
3.579182125602363e+00, 1.000000000000000e+00, 0.000000000000000e+00, 5.488887914869688e-01, -1.494984074701674e-01, 7.712366822696619e-02, -3.483005458523440e-02, -3.888801508953726e-02, 9.957550781119503e-01, 2.833695554526047e-04, 0.000000000000000e+00, 3.961552332607916e-03, -2.524892426513868e-03, 1.193532150532260e-03, -7.891545830621243e-04, -6.611925641971168e-01, -5.329070518200751e-15
