0.000000000000000e+00, 9.999000099990002e-05, 1.000000000000000e+04, 1.074212944456432e+02, -1.003918450037278e+04, 1.200000000000000e+00, 0.000000000000000e+00, -1.199760035995201e-08, 2.600063287793441e-01, 7.399936712204482e-01, 0.000000000000000e+00, 2.079426739827923e-13, 2.466645570732747e-01, 2.400000000000000e-01, -2.400000000000000e-01, -1.000000000000000e+00, 0.000000000000000e+00
1.000000000000000e-07, 9.999107510618391e-05, 9.999892569042448e+03, 1.074202905371715e+02, -1.003898493372918e+04, 1.200000000000000e+00, -1.199760036127644e-15, -1.199760036392530e-08, 2.600083955933519e-01, 7.399916044064405e-01, 0.000000000000000e+00, 2.079510283093598e-13, 2.466638681352721e-01, 2.400000000000000e-01, -2.400000000000000e-01, -1.000000000000000e+00, -2.220446049250313e-16
3.138796607642202e-07, 9.999337240609510e-05, 9.999662803318402e+03, 1.074181434481232e+02, -1.003855812133902e+04, 1.200000000000000e+00, -3.765802735061968e-15, -1.199760039909604e-08, 2.600128160590757e-01, 7.399871839407168e-01, 0.000000000000000e+00, 2.079688973637373e-13, 2.466623946466975e-01, 2.400000000000000e-01, -2.400000000000000e-01, -1.000000000000000e+00, -2.220446049250313e-16
7.460839895178739e-07, 9.999801477106707e-05, 9.999198526834505e+03, 1.074138049262218e+02, -1.003769570969846e+04, 1.200000000000000e+00, -8.951217596194694e-15, -1.199760058110400e-08, 2.600217487390565e-01, 7.399782512607360e-01, 0.000000000000000e+00, 2.080050103724201e-13, 2.466594170867039e-01, 2.400000000000000e-01, -2.400000000000000e-01, -1.000000000000000e+00, -2.220446049250313e-16
1.696245236985204e-06, 1.000082206796526e-04, 9.998177999608757e+03, 1.074042683973215e+02, -1.003580017001775e+04, 1.200000000000000e+00, -2.035087311211597e-14, -1.199760150293641e-08, 2.600413858412821e-01, 7.399586141585104e-01, 0.000000000000000e+00, 2.080844180970841e-13, 2.466528713859619e-01, 2.400000000000000e-01, -2.400000000000000e-01, -1.000000000000000e+00, -2.220446049250313e-16
3.553446046646804e-06, 1.000281697075547e-04, 9.996183822553481e+03, 1.073856333405064e+02, -1.003209667455385e+04, 1.200000000000000e+00, -4.263283150901847e-14, -1.199760537482665e-08, 2.600797665873517e-01, 7.399202334124405e-01, 0.000000000000000e+00, 2.082396957093228e-13, 2.466400778039385e-01, 2.400000000000000e-01, -2.400000000000000e-01, -1.000000000000000e+00, -2.220446049250313e-16
7.584166289168718e-06, 1.000714672636807e-04, 9.991858377554070e+03, 1.073452129533479e+02, -1.002406598736170e+04, 1.200000000000000e+00, -9.099185393667935e-14, -1.199762319249141e-08, 2.601630548193472e-01, 7.398369451804446e-01, 0.000000000000000e+00, 2.085769982430101e-13, 2.466123150599396e-01, 2.400000000000000e-01, -2.400000000000000e-01, -1.000000000000000e+00, 0.000000000000000e+00
1.605507048861997e-05, 1.001624687328869e-04, 9.982779479984643e+03, 1.072603714296855e+02, -1.000722035723159e+04, 1.200000000000000e+00, -1.926228667520688e-13, -1.199770257073251e-08, 2.603380463541075e-01, 7.396619536456839e-01, 0.000000000000000e+00, 2.092872102542921e-13, 2.465539845483518e-01, 2.400000000000000e-01, -2.400000000000000e-01, -1.000000000000000e+00, -2.220446049250313e-16
3.209070669726261e-05, 1.003347662924131e-04, 9.965635065313505e+03, 1.071001542348495e+02, -9.975447777326692e+03, 1.200000000000000e+00, -3.850158378610167e-13, -1.199800788110824e-08, 2.606691397983310e-01, 7.393308602014592e-01, 0.000000000000000e+00, 2.106366485277096e-13, 2.464436200669422e-01, 2.400000000000000e-01, -2.400000000000000e-01, -1.000000000000000e+00, -4.440892098500626e-16
6.429315956873017e-05, 1.006808874055264e-04, 9.931371731808056e+03, 1.067799419532693e+02, -9.912100243767503e+03, 1.200000000000000e+00, -7.713986194509085e-13, -1.199922950690154e-08, 2.613333640838786e-01, 7.386666359159090e-01, 0.000000000000000e+00, 2.133663610478192e-13, 2.462222119717561e-01, 2.400000000000000e-01, -2.400000000000000e-01, -1.000000000000000e+00, -4.440892098500626e-16
1.335671237077546e-04, 1.014259908803603e-04, 9.858405772821845e+03, 1.060979568864175e+02, -9.777865589543904e+03, 1.200000000000000e+00, -1.602796618956588e-12, -1.200457105812401e-08, 2.627592138430274e-01, 7.372407861567539e-01, 0.000000000000000e+00, 2.193288282859086e-13, 2.457469287186985e-01, 2.400000000000000e-01, -2.400000000000000e-01, -9.999999999999998e-01, -2.220446049250313e-16
2.785144165407493e-04, 1.029873575316986e-04, 9.708929684254781e+03, 1.047005453867754e+02, -9.505714751644906e+03, 1.200000000000000e+00, -3.344292670285827e-12, -1.202737644061044e-08, 2.657293050732381e-01, 7.342706949265304e-01, 0.000000000000000e+00, 2.322101419832238e-13, 2.447568983086111e-01, 2.400000000000000e-01, -2.399999999999996e-01, -9.999999999999984e-01, -2.220446049250313e-16
5.071814240032892e-04, 1.054569572168117e-04, 9.481541753448037e+03, 1.025739110829070e+02, -9.099025971821575e+03, 1.199999999999998e+00, -6.101453715190139e-12, -1.209370384879735e-08, 2.703785209086205e-01, 7.296214790911265e-01, 0.000000000000000e+00, 2.536809666736915e-13, 2.432071596967883e-01, 2.399999999999999e-01, -2.399999999999988e-01, -9.999999999999953e-01, -2.220446049250313e-16
7.818591348743528e-04, 1.084338410129210e-04, 9.221213200774098e+03, 1.001378730830729e+02, -8.644261645479868e+03, 1.199999999999996e+00, -9.439437164632662e-12, -1.221898713064321e-08, 2.759050738921661e-01, 7.240949261075533e-01, 0.000000000000000e+00, 2.814130284688711e-13, 2.413649753689028e-01, 2.399999999999997e-01, -2.399999999999972e-01, -9.999999999999895e-01, -4.440892098500626e-16
1.089300910397412e-03, 1.117792355948396e-04, 8.945205390280609e+03, 9.755345362277701e+01, -8.174745505183220e+03, 1.199999999999993e+00, -1.322453683677245e-11, -1.241331853022231e-08, 2.820166966498299e-01, 7.179833033498557e-01, 0.000000000000000e+00, 3.150998629756122e-13, 2.393277677829700e-01, 2.399999999999994e-01, -2.399999999999947e-01, -9.999999999999806e-01, -2.220446049250313e-16
1.425137798035256e-03, 1.154498112850953e-04, 8.660772495500829e+03, 9.488821061547145e+01, -7.704506639474550e+03, 1.199999999999988e+00, -1.743737520588106e-11, -1.268518804868351e-08, 2.886047759054053e-01, 7.113952240942403e-01, 0.000000000000000e+00, 3.552819817780078e-13, 2.371317413643913e-01, 2.399999999999988e-01, -2.399999999999912e-01, -9.999999999999684e-01, -4.440892098500626e-16
1.788108425167801e-03, 1.194359724273265e-04, 8.371686885506562e+03, 9.217718396779968e+01, -7.240730211400758e+03, 1.199999999999980e+00, -2.210471743051325e-11, -1.304284060129574e-08, 2.956236892249830e-01, 7.043763107746149e-01, 0.000000000000000e+00, 4.029346994166332e-13, 2.347921035911351e-01, 2.399999999999979e-01, -2.399999999999865e-01, -9.999999999999525e-01, -4.440892098500626e-16
2.178282763913656e-03, 1.237429253961214e-04, 8.080270075027209e+03, 8.944186278277409e+01, -6.787656306791162e+03, 1.199999999999971e+00, -2.727970589270600e-11, -1.349487848028794e-08, 3.030534306028539e-01, 6.969465693966875e-01, 0.000000000000000e+00, 4.593781436225247e-13, 2.323155231317696e-01, 2.399999999999964e-01, -2.399999999999802e-01, -9.999999999999325e-01, -4.440892098500626e-16
2.596588971582126e-03, 1.283857774079324e-04, 7.788024767304280e+03, 8.669608043423273e+01, -6.347856647555402e+03, 1.199999999999958e+00, -3.303851412153446e-11, -1.405087005335015e-08, 3.108890408124028e-01, 6.891109591870720e-01, 0.000000000000000e+00, 5.263154822550579e-13, 2.297036530618307e-01, 2.399999999999943e-01, -2.399999999999723e-01, -9.999999999999081e-01, -4.440892098500626e-16
3.043870906128148e-03, 1.333792731044781e-04, 7.496416777917839e+03, 8.395334383162145e+01, -5.923551423814241e+03, 1.199999999999942e+00, -3.947022677069435e-11, -1.472072155426938e-08, 3.191221220675033e-01, 6.808778779318924e-01, 0.000000000000000e+00, 6.057758239689269e-13, 2.269592926433580e-01, 2.399999999999914e-01, -2.399999999999622e-01, -9.999999999998785e-01, -6.661338147750939e-16
3.521646843660540e-03, 1.387463543690438e-04, 7.206396580238463e+03, 8.122233133137202e+01, -5.515957619858173e+03, 1.199999999999921e+00, -4.669026249198882e-11, -1.551607708069271e-08, 3.277545823065815e-01, 6.722454176927198e-01, 0.000000000000000e+00, 7.003312425506953e-13, 2.240818058968726e-01, 2.399999999999874e-01, -2.399999999999497e-01, -9.999999999998427e-01, -8.881784197001252e-16
4.031742617407055e-03, 1.445142927061787e-04, 6.918730784228826e+03, 7.850999731018310e+01, -5.125860060000613e+03, 1.199999999999895e+00, -5.483960724837689e-11, -1.645034212051519e-08, 3.367910392962380e-01, 6.632089607029503e-01, 0.000000000000000e+00, 8.131729436060964e-13, 2.210696535668366e-01, 2.399999999999821e-01, -2.399999999999341e-01, -9.999999999997999e-01, -6.661338147750939e-16
4.575752686821932e-03, 1.507087272756015e-04, 6.634315804713133e+03, 7.582452886859576e+01, -4.754061807426645e+03, 1.199999999999863e+00, -6.408044958266559e-11, -1.753800477384801e-08, 3.462289760884905e-01, 6.537710239105630e-01, 0.000000000000000e+00, 9.481315648548990e-13, 2.179236746359058e-01, 2.399999999999753e-01, -2.399999999999151e-01, -9.999999999997490e-01, -6.661338147750939e-16
5.155525668026099e-03, 1.573592458704968e-04, 6.353885564353669e+03, 7.317259386662222e+01, -4.400995658504709e+03, 1.199999999999823e+00, -7.460830876070166e-11, -1.879575176106863e-08, 3.560672974151492e-01, 6.439327025837427e-01, 0.000000000000000e+00, 1.109938387986991e-12, 2.146442341934705e-01, 2.399999999999666e-01, -2.399999999998917e-01, -9.999999999996879e-01, -8.881784197001252e-16
5.772920583595258e-03, 1.644967563609766e-04, 6.078147225283703e+03, 7.056062188305823e+01, -4.066929276718378e+03, 1.199999999999773e+00, -8.665368109061712e-11, -2.024234417151255e-08, 3.663018537042416e-01, 6.336981462944562e-01, 0.000000000000000e+00, 1.304370954880435e-12, 2.112327154301805e-01, 2.399999999999555e-01, -2.399999999998630e-01, -9.999999999996145e-01, -1.110223024625157e-15
6.429936457934877e-03, 1.721551105350284e-04, 5.807715157465685e+03, 6.799418135976357e+01, -3.751901425150348e+03, 1.199999999999712e+00, -1.004909890860464e-10, -2.189925342610756e-08, 3.769275109077145e-01, 6.230724890907493e-01, 0.000000000000000e+00, 1.538535714787689e-12, 2.076908296953774e-01, 2.399999999999414e-01, -2.399999999998278e-01, -9.999999999995266e-01, -1.110223024625157e-15
7.126615621057865e-03, 1.803465225314801e-04, 5.543880965616881e+03, 6.548530859605380e+01, -3.456593497062259e+03, 1.199999999999636e+00, -1.163970714576111e-10, -2.378524553886818e-08, 3.879053105071871e-01, 6.120946894909954e-01, 0.000000000000000e+00, 1.820283489923889e-12, 2.040315631618443e-01, 2.399999999999238e-01, -2.399999999997850e-01, -9.999999999994215e-01, -1.332267629550188e-15
7.851936480328572e-03, 1.889520532405286e-04, 5.291347888525132e+03, 6.307867846198907e+01, -3.185067493215102e+03, 1.199999999999545e+00, -1.344029196190603e-10, -2.588753700655108e-08, 3.990290067754648e-01, 6.009709932223843e-01, 0.000000000000000e+00, 2.153521940212907e-12, 2.003236644053074e-01, 2.399999999999024e-01, -2.399999999997338e-01, -9.999999999992972e-01, -1.332267629550188e-15
8.604085362237803e-03, 1.979592293865327e-04, 5.050545225241370e+03, 6.077851576138468e+01, -2.936296194351876e+03, 1.199999999999437e+00, -1.547403231753289e-10, -2.821565345708278e-08, 4.102469111044856e-01, 5.897530888929714e-01, 0.000000000000000e+00, 2.546024452289650e-12, 1.965843629617772e-01, 2.399999999998765e-01, -2.399999999996728e-01, -9.999999999991512e-01, -1.332267629550188e-15
9.384367696985455e-03, 2.073929905355040e-04, 4.820763731830695e+03, 5.857821164653318e+01, -2.708142319910791e+03, 1.199999999999307e+00, -1.777502027750706e-10, -3.078964503113723e-08, 4.215556971993747e-01, 5.784443027976203e-01, 0.000000000000000e+00, 3.008341758194530e-12, 1.928147675961978e-01, 2.399999999998452e-01, -2.399999999996003e-01, -9.999999999989797e-01, -1.554312234475219e-15
1.019469334149533e-02, 2.172866492699540e-04, 4.601215568051829e+03, 5.647037855985347e+01, -2.498571319462727e+03, 1.199999999999152e+00, -2.038405495234380e-10, -3.363427954624260e-08, 4.329590417018724e-01, 5.670409582945777e-01, 0.000000000000000e+00, 3.553333162494868e-12, 1.890136527613052e-01, 2.399999999998076e-01, -2.399999999995143e-01, -9.999999999987779e-01, -1.776356839400250e-15
1.103692487981154e-02, 2.276742502169657e-04, 4.391240225001441e+03, 5.444881913178484e+01, -2.305837871070727e+03, 1.199999999998968e+00, -2.334786180741846e-10, -3.677740696085486e-08, 4.444576738597357e-01, 5.555423261360719e-01, 0.000000000000000e+00, 4.196257602058424e-12, 1.851807753744937e-01, 2.399999999997626e-01, -2.399999999994120e-01, -9.999999999985394e-01, -1.776356839400250e-15
1.191257405270577e-02, 2.385868246725188e-04, 4.190346279798087e+03, 5.250894077727656e+01, -2.128486919554507e+03, 1.199999999998749e+00, -2.671874021964034e-10, -4.024895253197643e-08, 4.560456127883289e-01, 5.439543872067201e-01, 0.000000000000000e+00, 4.954931339034683e-12, 1.813181290639510e-01, 2.399999999997088e-01, -2.399999999992908e-01, -9.999999999982582e-01, -1.998401444325282e-15
1.282352875465478e-02, 2.500614497245539e-04, 3.998017046016144e+03, 5.064588990512811e+01, -1.965153607349926e+03, 1.199999999998489e+00, -3.055816975201512e-10, -4.408396034666471e-08, 4.677201678930465e-01, 5.322798321011072e-01, 0.000000000000000e+00, 5.850814349750109e-12, 1.774266106945175e-01, 2.399999999996444e-01, -2.399999999991466e-01, -9.999999999979260e-01, -2.220446049250313e-15
1.377111417153089e-02, 2.621295693110088e-04, 3.813907271348431e+03, 4.885645865312795e+01, -1.814717461389560e+03, 1.199999999998179e+00, -3.493416139247938e-10, -4.831910509541748e-08, 4.794698164049950e-01, 5.205301835881008e-01, 0.000000000000000e+00, 6.908747198290709e-12, 1.735100611891240e-01, 2.399999999995675e-01, -2.399999999989755e-01, -9.999999999975331e-01, -2.220446049250313e-15
1.475757288574528e-02, 2.748358548465597e-04, 3.637535447124605e+03, 4.713610339953441e+01, -1.676031926586657e+03, 1.199999999997810e+00, -3.992919506070302e-10, -5.299956319009210e-08, 4.912929241598403e-01, 5.087070758320050e-01, 0.000000000000000e+00, 8.159257992051166e-12, 1.695690252691750e-01, 2.399999999994758e-01, -2.399999999987722e-01, -9.999999999970685e-01, -2.220446049250313e-15
1.578486065704078e-02, 2.882231997835236e-04, 3.468533336494328e+03, 4.548136460735234e+01, -1.548124526032903e+03, 1.199999999997371e+00, -4.563692841603966e-10, -5.817453985493441e-08, 5.031822886901733e-01, 4.968177113001930e-01, 0.000000000000000e+00, 9.638337708050655e-12, 1.656059037570919e-01, 2.399999999993662e-01, -2.399999999985305e-01, -9.999999999965178e-01, -2.220446049250313e-15
1.685463322876354e-02, 3.023324488251978e-04, 3.306617174027452e+03, 4.388960025622599e+01, -1.430154434503325e+03, 1.199999999996848e+00, -5.216331396331602e-10, -6.389735157708193e-08, 5.151257291692146e-01, 4.848742708194022e-01, 0.000000000000000e+00, 1.138826369228835e-11, 1.616247569284116e-01, 2.399999999992356e-01, -2.399999999982433e-01, -9.999999999958653e-01, -2.442490654175344e-15
1.796872638248108e-02, 3.172087200321342e-04, 3.151498455586899e+03, 4.235811769341089e+01, -1.321335366142520e+03, 1.199999999996226e+00, -5.963118065052123e-10, -7.022835511309362e-08, 5.271119131898222e-01, 4.728880867967236e-01, 0.000000000000000e+00, 1.345947658561788e-11, 1.576293622521142e-01, 2.399999999990795e-01, -2.399999999979016e-01, -9.999999999950919e-01, -2.664535259100376e-15
1.912930271868583e-02, 3.329036667866981e-04, 3.002871989913321e+03, 4.088405176884957e+01, -1.220924890497783e+03, 1.199999999995485e+00, -6.818427720721027e-10, -7.723683124831087e-08, 5.391316361553373e-01, 4.608683638287558e-01, 0.000000000000000e+00, 1.591257780378399e-11, 1.536227879270051e-01, 2.399999999988933e-01, -2.399999999974950e-01, -9.999999999941735e-01, -2.886579864025407e-15
2.033899107116494e-02, 3.494778214705437e-04, 2.860411908178232e+03, 3.946431834159932e+01, -1.128220635881738e+03, 1.199999999994602e+00, -7.799246327889088e-10, -8.500330925742446e-08, 5.511786965748500e-01, 4.488213034063349e-01, 0.000000000000000e+00, 1.882093825104930e-11, 1.496071011166231e-01, 2.399999999986709e-01, -2.399999999970107e-01, -9.999999999930826e-01, -2.886579864025407e-15
2.159975225239427e-02, 3.669853325555104e-04, 2.723904543286453e+03, 3.809693995042596e+01, -1.042641152028752e+03, 1.199999999993549e+00, -8.924650848455579e-10, -9.361350368175938e-08, 5.632385360361297e-01, 4.367614639416057e-01, 0.000000000000000e+00, 2.227042315022094e-11, 1.455871546249306e-01, 2.399999999984053e-01, -2.399999999964339e-01, -9.999999999917859e-01, -2.886579864025407e-15
2.291333476945547e-02, 3.854799660308100e-04, 2.593168538242720e+03, 3.678026565332308e+01, -9.636626607212884e+02, 1.199999999992293e+00, -1.021639697449559e-09, -1.031614061038413e-07, 5.752938340011973e-01, 4.247061659724463e-01, 0.000000000000000e+00, 2.636241196094248e-11, 1.415687219644522e-01, 2.399999999980879e-01, -2.399999999957465e-01, -9.999999999902442e-01, -2.886579864025407e-15
2.428306171488828e-02, 4.050407421507590e-04, 2.467887437569905e+03, 3.551127849540884e+01, -8.907177846642568e+02, 1.199999999990794e+00, -1.170127544858030e-09, -1.137641531197298e-07, 5.873404721797282e-01, 4.126595277890553e-01, 0.000000000000000e+00, 3.122310182744849e-11, 1.375531758984611e-01, 2.399999999977084e-01, -2.399999999949265e-01, -9.999999999884087e-01, -3.330669073875470e-15
2.571119092668974e-02, 4.257352259928514e-04, 2.347877750643991e+03, 3.428829255150047e+01, -8.233553434136876e+02, 1.199999999989003e+00, -1.340920031277822e-09, -1.255448625381855e-07, 5.993630290534059e-01, 4.006369709096011e-01, 0.000000000000000e+00, 3.699974194678405e-11, 1.335456569328664e-01, 2.399999999972544e-01, -2.399999999939476e-01, -9.999999999862218e-01, -3.330669073875470e-15
2.719967777764642e-02, 4.476299305563009e-04, 2.232988238358481e+03, 3.310995533208867e+01, -7.611709062429597e+02, 1.199999999986863e+00, -1.537431841500933e-09, -1.386384664767208e-07, 6.113430049012056e-01, 3.886569950549351e-01, 0.000000000000000e+00, 4.386642959108925e-11, 1.295523316411110e-01, 2.399999999967112e-01, -2.399999999927790e-01, -9.999999999836159e-01, -3.552713678800501e-15
2.875256442386704e-02, 4.708261336897548e-04, 2.122926282857820e+03, 3.197345883300097e+01, -7.037131272105331e+02, 1.199999999984302e+00, -1.763916772339841e-09, -1.532156571843159e-07, 6.232775064378997e-01, 3.767224935100658e-01, 0.000000000000000e+00, 5.204189753036887e-11, 1.255741644513124e-01, 2.399999999960602e-01, -2.399999999913816e-01, -9.999999999805061e-01, -3.552713678800501e-15
3.037307625371073e-02, 4.954181759447918e-04, 2.017496794335292e+03, 3.087697932846806e+01, -6.506133331825426e+02, 1.199999999981236e+00, -2.025222752748948e-09, -1.694614807188072e-07, 6.351549757468056e-01, 3.648450241914166e-01, 0.000000000000000e+00, 6.178534834587941e-11, 1.216150080020193e-01, 2.399999999952794e-01, -2.399999999897091e-01, -9.999999999767902e-01, -3.774758283725532e-15
3.206360515807484e-02, 5.214925665561830e-04, 1.916572874727190e+03, 2.981940129280955e+01, -6.015607621219987e+02, 1.199999999977561e+00, -2.326842493464719e-09, -1.875752962463515e-07, 6.469568169204988e-01, 3.530431830061066e-01, 0.000000000000000e+00, 7.340229642327659e-11, 1.176810609286323e-01, 2.399999999943426e-01, -2.399999999877064e-01, -9.999999999723492e-01, -3.774758283725532e-15
3.382729956302827e-02, 5.491523622616659e-04, 1.819988251569260e+03, 2.879920284617329e+01, -5.562458466948970e+02, 1.199999999973155e+00, -2.675292545078032e-09, -2.077893950078712e-07, 6.586693655413387e-01, 3.413306343714049e-01, 0.000000000000000e+00, 8.726418167023118e-11, 1.137768780365366e-01, 2.399999999932177e-01, -2.399999999853066e-01, -9.999999999670371e-01, -3.774758283725532e-15
3.566743039717286e-02, 5.785082640395546e-04, 1.727583776863085e+03, 2.781493523903890e+01, -5.143830556618260e+02, 1.199999999967868e+00, -3.078187768423195e-09, -2.303669869991315e-07, 6.702789508569906e-01, 3.297210490391989e-01, 0.000000000000000e+00, 1.038183853071719e-10, 1.099070162425804e-01, 2.399999999918660e-01, -2.399999999824287e-01, -9.999999999606778e-01, -3.774758283725532e-15
3.758875888513210e-02, 6.097015499091526e-04, 1.639146724490044e+03, 2.686456869813921e+01, -4.756830424851045e+02, 1.199999999961514e+00, -3.544782184308789e-09, -2.556250869190339e-07, 6.817799271813956e-01, 3.182200726949937e-01, 0.000000000000000e+00, 1.236192472560321e-10, 1.060733574413777e-01, 2.399999999902391e-01, -2.399999999789718e-01, -9.999999999530527e-01, -4.218847493575595e-15
3.959562893379095e-02, 6.428748798728110e-04, 1.554512637541296e+03, 2.594657250215170e+01, -4.398977287798451e+02, 1.199999999953866e+00, -4.085846029981527e-09, -2.839183328876221e-07, 6.931620950928935e-01, 3.068379047597804e-01, 0.000000000000000e+00, 1.473344008084342e-10, 1.022793014392582e-01, 2.399999999882787e-01, -2.399999999748142e-01, -9.999999999438980e-01, -3.996802888650564e-15
4.169034517575358e-02, 6.781446717162113e-04, 1.473611600898161e+03, 2.506044480745856e+01, -4.068341535922130e+02, 1.199999999944662e+00, -4.713380439639126e-09, -3.156174141787944e-07, 7.044032491856217e-01, 2.955967506386438e-01, 0.000000000000000e+00, 1.757431469684268e-10, 9.853225003713725e-02, 2.399999999859161e-01, -2.399999999698133e-01, -9.999999999329053e-01, -4.218847493575595e-15
4.387842330366208e-02, 7.156892762837686e-04, 1.396254413524988e+03, 2.420438507407469e+01, -3.762640945394825e+02, 1.199999999933565e+00, -5.442427826011843e-09, -3.511921305137731e-07, 7.154983516441672e-01, 2.845016481460093e-01, 0.000000000000000e+00, 2.098322097534490e-10, 9.483388250550340e-02, 2.399999999830640e-01, -2.399999999637881e-01, -9.999999999196837e-01, -4.218847493575595e-15
4.616385408168042e-02, 7.556711191534438e-04, 1.322327006489636e+03, 2.337740983602523e+01, -3.480042393939474e+02, 1.199999999920176e+00, -6.290158502327812e-09, -3.911513818566073e-07, 7.264331409256328e-01, 2.735668588236012e-01, 0.000000000000000e+00, 2.507749248955487e-10, 9.118895269042467e-02, 2.399999999796182e-01, -2.399999999565222e-01, -9.999999999037668e-01, -4.440892098500626e-15
4.855284617638094e-02, 7.983022240649709e-04, 1.251658416643236e+03, 2.257789308999123e+01, -3.218624935806930e+02, 1.199999999903990e+00, -7.277661280639819e-09, -4.361152123964001e-07, 7.372029951028048e-01, 2.627970045971639e-01, 0.000000000000000e+00, 3.000399577183925e-10, 8.759900123234725e-02, 2.399999999754476e-01, -2.399999999477446e-01, -9.999999998845707e-01, -4.218847493575595e-15
5.104993999909485e-02, 8.437774596659636e-04, 1.184146614838327e+03, 2.180497491577410e+01, -2.976849385100496e+02, 1.199999999884406e+00, -8.429120616284965e-09, -4.867589544458617e-07, 7.477943031469152e-01, 2.522056964937118e-01, 0.000000000000000e+00, 3.593816498528232e-10, 8.406856513852155e-02, 2.399999999703949e-01, -2.399999999371299e-01, -9.999999998613958e-01, -4.218847493575595e-15
5.365859113460289e-02, 8.922832280311024e-04, 1.119720381808121e+03, 2.105816115710126e+01, -2.753380936650707e+02, 1.199999999860698e+00, -9.772393882205303e-09, -5.438259401955174e-07, 7.581892717814850e-01, 2.418107277876247e-01, 0.000000000000000e+00, 4.308993224308744e-10, 8.060357549830817e-02, 2.399999999642705e-01, -2.399999999242876e-01, -9.999999998334043e-01, -4.440892098500626e-15
5.636839718211305e-02, 9.437507896335440e-04, 1.058601762440164e+03, 2.034044912348596e+01, -2.547936057515784e+02, 1.199999999832143e+00, -1.133164953682629e-08, -6.078169815932443e-07, 7.683212600245214e-01, 2.316787394588278e-01, 0.000000000000000e+00, 5.166599785125213e-10, 7.722624596961523e-02, 2.399999999568853e-01, -2.399999999088290e-01, -9.999999997997655e-01, -4.440892098500626e-15
5.917855347673411e-02, 9.982877082262448e-04, 1.000715228745827e+03, 1.965148744751796e+01, -2.359236741097260e+02, 1.199999999797807e+00, -1.313911776154644e-08, -6.794876023482480e-07, 7.781703413854730e-01, 2.218296579951920e-01, 0.000000000000000e+00, 6.193438543537302e-10, 7.394321871238617e-02, 2.399999999479943e-01, -2.399999998902512e-01, -9.999999997594039e-01, -4.440892098500626e-15
6.209235833265634e-02, 1.056087030330873e-03, 9.458916588121517e+02, 1.898982614230304e+01, -2.185797475577215e+02, 1.199999999756526e+00, -1.523448191417374e-08, -7.597834526517099e-07, 7.877339591387639e-01, 2.122660401189638e-01, 0.000000000000000e+00, 7.422815783990805e-10, 7.075534596403903e-02, 2.399999999372925e-01, -2.399999998679284e-01, -9.999999997109831e-01, -4.662936703425657e-15
6.511119312893225e-02, 1.117312990016692e-03, 8.940043621931400e+02, 1.835451167368944e+01, -2.026374438514063e+02, 1.199999999706940e+00, -1.766211035732870e-08, -8.497071593550348e-07, 7.970044345009649e-01, 2.029955646096890e-01, 0.000000000000000e+00, 8.893552405959950e-10, 6.766518731387380e-02, 2.399999999244229e-01, -2.399999998411288e-01, -9.999999996529413e-01, -4.440892098500626e-15
6.823946329289364e-02, 1.182200678985348e-03, 8.448800758415013e+02, 1.774400507307082e+01, -1.879677039860922e+02, 1.199999999647369e+00, -2.047577618671778e-08, -9.504735809148976e-07, 8.059846010015819e-01, 1.940153979330823e-01, 0.000000000000000e+00, 1.065345177989081e-09, 6.467179824568164e-02, 2.399999999089450e-01, -2.399999998089503e-01, -9.999999995833552e-01, -4.662936703425657e-15
7.147971438321227e-02, 1.250958786638464e-03, 7.983868468578152e+02, 1.715724989576048e+01, -1.744631962057510e+02, 1.199999999575839e+00, -2.373607844685866e-08, -1.063385803461549e-06, 8.146722047434158e-01, 1.853277939807370e-01, 0.000000000000000e+00, 1.275856679711039e-09, 6.177593005105506e-02, 2.399999998903398e-01, -2.399999997703316e-01, -9.999999994999660e-01, -4.662936703425657e-15
7.483469960247428e-02, 1.323811070818111e-03, 7.543948006961473e+02, 1.659319881983259e+01, -1.620250261288845e+02, 1.199999999489988e+00, -2.751316175256336e-08, -1.189908174325932e-06, 8.230666639429383e-01, 1.769333345294947e-01, 0.000000000000000e+00, 1.527576698251403e-09, 5.897777664892095e-02, 2.399999998679860e-01, -2.399999997240041e-01, -9.999999994000754e-01, -4.662936703425657e-15
7.831001697417353e-02, 1.401056634142628e-03, 7.127470218054009e+02, 1.605042748448008e+01, -1.505541682215240e+02, 1.199999999386905e+00, -3.189175770617352e-08, -1.331798940455510e-06, 8.311747781955683e-01, 1.688252199757119e-01, 0.000000000000000e+00, 1.828729267644713e-09, 5.627507149650750e-02, 2.399999998411184e-01, -2.399999996684057e-01, -9.999999992803636e-01, -4.662936703425657e-15
8.190681265116528e-02, 1.482910055656767e-03, 6.733497329358314e+02, 1.552830340373220e+01, -1.399757456024570e+02, 1.199999999263246e+00, -3.696418341010573e-08, -1.490844568054758e-06, 8.389931760149556e-01, 1.610068217963207e-01, 0.000000000000000e+00, 2.188733300783263e-09, 5.366893841003974e-02, 2.399999998088559e-01, -2.399999996017410e-01, -9.999999991370212e-01, -4.662936703425657e-15
8.562971837648549e-02, 1.569677195482317e-03, 6.360736625836806e+02, 1.502570923354173e+01, -1.302108874007247e+02, 1.199999999114897e+00, -4.284201565408765e-08, -1.669200455045557e-06, 8.465272544176999e-01, 1.534727429631499e-01, 0.000000000000000e+00, 2.619159689517455e-09, 5.115757836855647e-02, 2.399999997701147e-01, -2.399999995218026e-01, -9.999999989653663e-01, -4.662936703425657e-15
8.948138045532179e-02, 1.661633269586724e-03, 6.008175119042463e+02, 1.454187448682619e+01, -1.211934854796784e+02, 1.199999998937018e+00, -4.965117866232813e-08, -1.869187727720922e-06, 8.537786527859752e-01, 1.462213440804543e-01, 0.000000000000000e+00, 3.133580210128439e-09, 4.874044489323743e-02, 2.399999997236189e-01, -2.399999994259952e-01, -9.999999987599012e-01, -4.884981308350689e-15
9.346595330973863e-02, 1.759104310797953e-03, 5.674711212755693e+02, 1.407588409351881e+01, -1.128598433375064e+02, 1.199999998723759e+00, -5.753993262449388e-08, -2.093486722829753e-06, 8.607525099905680e-01, 1.392474862610667e-01, 0.000000000000000e+00, 3.748375260216846e-09, 4.641582500531319e-02, 2.399999996678253e-01, -2.399999993111818e-01, -9.999999985139856e-01, -4.884981308350689e-15
9.758734647946354e-02, 1.862427855504859e-03, 5.359335499596704e+02, 1.362692106402762e+01, -1.051529435263441e+02, 1.199999998468136e+00, -6.667947654752931e-08, -2.345093088031309e-06, 8.674537238610126e-01, 1.325462716559363e-01, 0.000000000000000e+00, 4.483061304004864e-09, 4.418208606891701e-02, 2.399999996008905e-01, -2.399999991736187e-01, -9.999999982197010e-01, -5.107025913275720e-15
1.018497440494129e-01, 1.971966516733096e-03, 5.061080018420764e+02, 1.319419817910086e+01, -9.802066344652484e+01, 1.199999998161782e+00, -7.726863982050589e-08, -2.627386830948924e-06, 8.738878722272564e-01, 1.261121224117726e-01, 0.000000000000000e+00, 5.360981492337450e-09, 4.203736877627560e-02, 2.399999995206044e-01, -2.399999990088210e-01, -9.999999978675691e-01, -5.107025913275720e-15
1.062562148393400e-01, 2.088072625897593e-03, 4.779105453504681e+02, 1.277708798517031e+01, -9.141739348539134e+01, 1.199999997794788e+00, -8.953437186356574e-08, -2.944079645617140e-06, 8.800591931063859e-01, 1.199408004839102e-01, 0.000000000000000e+00, 6.409714263162552e-09, 3.998026041825539e-02, 2.399999994243492e-01, -2.399999988114810e-01, -9.999999974463821e-01, -5.107025913275720e-15
1.108127264107043e-01, 2.211195155016418e-03, 4.512441168213282e+02, 1.237473967681334e+01, -8.529756219879565e+01, 1.199999997355056e+00, -1.037478767507207e-07, -3.299554869724984e-06, 8.859761629533249e-01, 1.140238293837838e-01, 0.000000000000000e+00, 7.662901541795918e-09, 3.800793546502602e-02, 2.399999993089270e-01, -2.399999985751180e-01, -9.999999969424624e-01, -5.107025913275720e-15
1.155217885996682e-01, 2.341712201198471e-03, 4.260379594419021e+02, 1.198666674692809e+01, -7.962448315349131e+01, 1.199999996828473e+00, -1.202120073783080e-07, -3.698456679652634e-06, 8.916427310876073e-01, 1.083572597526996e-01, 0.000000000000000e+00, 9.159703489794795e-09, 3.611907742452938e-02, 2.399999991706044e-01, -2.399999982921739e-01, -9.999999963398728e-01, -5.107025913275720e-15
1.203885770243373e-01, 2.480096083520304e-03, 4.022101847363017e+02, 1.161218803609986e+01, -7.436138032287549e+01, 1.199999996197895e+00, -1.392861715696377e-07, -4.146217446614824e-06, 8.970664793322504e-01, 1.029335097201294e-01, 0.000000000000000e+00, 1.094763056600946e-08, 3.431115895907894e-02, 2.399999990048457e-01, -2.399999979534705e-01, -9.999999956192700e-01, -5.107025913275720e-15
1.254178371341022e-01, 2.626832475169659e-03, 3.796866290304307e+02, 1.125071027766943e+01, -6.947548408537322e+01, 1.199999995442878e+00, -1.613851642339616e-07, -4.648903139861068e-06, 9.022543731630250e-01, 9.774561375372140e-02, 0.000000000000000e+00, 1.308326418096947e-08, 3.258185816797601e-02, 2.399999988062388e-01, -2.399999975480633e-01, -9.999999947576022e-01, -5.329070518200751e-15
1.306129224617547e-01, 2.782390798611924e-03, 3.584031436917052e+02, 1.090177339205696e+01, -6.493818782199061e+01, 1.199999994539248e+00, -1.869819860886248e-07, -5.213167743695000e-06, 9.072120821776923e-01, 9.278790218892706e-02, 0.000000000000000e+00, 1.563339118901474e-08, 3.092928509625094e-02, 2.399999985683821e-01, -2.399999970630164e-01, -9.999999937276426e-01, -5.329070518200751e-15
1.359798209883813e-01, 2.947345169425013e-03, 3.382883909131982e+02, 1.056477169258070e+01, -6.072113810969051e+01, 1.199999993457677e+00, -2.166371143253199e-07, -5.846768894474397e-06, 9.119478887875750e-01, 8.805209253346218e-02, 0.000000000000000e+00, 1.867897349650615e-08, 2.935067883218039e-02, 2.399999982835062e-01, -2.399999964826358e-01, -9.999999924963732e-01, -5.329070518200751e-15
1.415228778799732e-01, 3.122249445812202e-03, 3.192819048751136e+02, 1.023924832950965e+01, -5.679991594284778e+01, 1.199999992163456e+00, -2.509904010065649e-07, -6.558223757396581e-06, 9.164684224470169e-01, 8.353155523730599e-02, 0.000000000000000e+00, 2.231568798262433e-08, 2.784382943008058e-02, 2.399999979424124e-01, -2.399999957883525e-01, -9.999999910247503e-01, -5.329070518200751e-15
1.472469455088183e-01, 3.307702325397577e-03, 3.013246657722752e+02, 9.924743652398874e+00, -5.315183144836163e+01, 1.199999990615059e+00, -2.907846856744814e-07, -7.357146578723770e-06, 9.207807682455209e-01, 7.921920509661785e-02, 0.000000000000000e+00, 2.665787198927141e-08, 2.640637504100064e-02, 2.399999975340920e-01, -2.399999949579550e-01, -9.999999892660953e-01, -5.329070518200751e-15
1.531569400438311e-01, 3.504335806128417e-03, 2.843607802800149e+02, 9.620823692594492e+00, -4.975612558740857e+01, 1.199999988762924e+00, -3.368793875787610e-07, -8.254328805412066e-06, 9.248920076291564e-01, 7.510796052901424e-02, 0.000000000000000e+00, 3.184184006441950e-08, 2.503595500116483e-02, 2.399999970454019e-01, -2.399999939649375e-01, -9.999999871647316e-01, -5.329070518200751e-15
1.592592657401029e-01, 3.712866136264113e-03, 2.683337069798591e+02, 9.327011713219820e+00, -4.659308483458152e+01, 1.199999986547365e+00, -3.902817273390075e-07, -9.262125264837362e-06, 9.288100777743906e-01, 7.118988419400465e-02, 0.000000000000000e+00, 3.803161551613428e-08, 2.372992336638636e-02, 2.399999964605089e-01, -2.399999927773827e-01, -9.999999846536406e-01, -5.329070518200751e-15
1.655582051663707e-01, 3.933973816450447e-03, 2.531958962254309e+02, 9.042964870990980e+00, -4.364582179561098e+01, 1.199999983897931e+00, -4.521380237432861e-07, -1.039404320592356e-05, 9.325413588838780e-01, 6.745859569557373e-02, 0.000000000000000e+00, 4.542055918277854e-08, 2.248615314463265e-02, 2.399999957607192e-01, -2.399999913576260e-01, -9.999999816537779e-01, -5.329070518200751e-15
1.720604652962344e-01, 4.168461290420320e-03, 2.388966741752247e+02, 8.768253728696006e+00, -4.089776398399509e+01, 1.199999980729514e+00, -5.237987015432650e-07, -1.166568326504814e-05, 9.360935755708529e-01, 6.390637018705013e-02, 0.000000000000000e+00, 5.424210824871617e-08, 2.130206915357607e-02, 2.399999949234430e-01, -2.399999896601684e-01, -9.999999780696885e-01, -5.551115123125783e-15
1.787715774756813e-01, 4.417131215706928e-03, 2.253912822974532e+02, 8.502530601981746e+00, -3.833432492771581e+01, 1.199999976941040e+00, -6.068145270426006e-07, -1.309433919040901e-05, 9.394735266745338e-01, 6.052640855226724e-02, 0.000000000000000e+00, 6.477321066256836e-08, 2.017540474421322e-02, 2.399999939218464e-01, -2.399999876309855e-01, -9.999999737880790e-01, -5.773159728050814e-15
1.856966576800448e-01, 4.680811778007437e-03, 2.126381566758250e+02, 8.245483370972108e+00, -3.594226200280529e+01, 1.199999972412264e+00, -7.029723645963511e-07, -1.469930419184819e-05, 9.426876912649731e-01, 5.731223139197952e-02, 0.000000000000000e+00, 7.734305884280324e-08, 1.910399978760320e-02, 2.399999927239971e-01, -2.399999852058141e-01, -9.999999686742365e-01, -5.551115123125783e-15
1.928426373382433e-01, 4.960444712010160e-03, 2.005948282981189e+02, 7.996753378849037e+00, -3.370882854653116e+01, 1.199999966998506e+00, -8.143651570936823e-07, -1.650265863384465e-05, 9.457432193720829e-01, 5.425668828044886e-02, 0.000000000000000e+00, 9.234747979126453e-08, 1.808547041267308e-02, 2.399999912914659e-01, -2.399999823073388e-01, -9.999999625661359e-01, -5.773159728050814e-15
2.002159259913777e-01, 5.257001698804720e-03, 1.892224989250753e+02, 7.756026936552023e+00, -3.162256573644851e+01, 1.199999960527399e+00, -9.434084173710681e-07, -1.852907694801559e-05, 9.486467429111382e-01, 5.135314683119552e-02, 0.000000000000000e+00, 1.102576775072009e-07, 1.711760535272575e-02, 2.399999895784595e-01, -2.399999788434606e-01, -9.999999552708361e-01, -5.551115123125783e-15
2.078222026553403e-01, 5.571474976060031e-03, 1.784856845443768e+02, 7.523032776929598e+00, -2.967315458126219e+01, 1.199999952794083e+00, -1.092881850236216e-06, -2.080602666402410e-05, 9.514044151100454e-01, 4.859545325669312e-02, 0.000000000000000e+00, 1.316332729115519e-07, 1.619835278563165e-02, 2.399999875305385e-01, -2.399999747047284e-01, -9.999999465591221e-01, -5.551115123125783e-15
2.156683592759584e-01, 5.904959001459288e-03, 1.683491859558840e+02, 7.297478789452990e+00, -2.785080205223625e+01, 1.199999943553037e+00, -1.266023730382369e-06, -2.336468436365586e-05, 9.540226493754329e-01, 4.597719348003541e-02, 0.000000000000000e+00, 1.571445433384439e-07, 1.532557401547832e-02, 2.399999850824482e-01, -2.399999697599823e-01, -9.999999361563878e-01, -5.773159728050814e-15
2.237622390251353e-01, 6.258648227787682e-03, 1.587789112927156e+02, 7.079067921689123e+00, -2.614634714405811e+01, 1.199999932509946e+00, -1.466606141048360e-06, -2.624040154970130e-05, 9.565078834067877e-01, 4.349192899870877e-02, 0.000000000000000e+00, 1.875945148027580e-07, 1.449712207173559e-02, 2.399999821559507e-01, -2.399999638520075e-01, -9.999999237335644e-01, -5.551115123125783e-15
2.321082033769089e-01, 6.633643621002503e-03, 1.497467173596636e+02, 6.867612164831354e+00, -2.455206812008435e+01, 1.199999919319108e+00, -1.698898001837460e-06, -2.947152450972635e-05, 9.588652859196465e-01, 4.113449015465841e-02, 0.000000000000000e+00, 2.239257064746918e-07, 1.371127279253324e-02, 2.399999786591272e-01, -2.399999567961610e-01, -9.999999089042991e-01, -5.551115123125783e-15
2.407171401797378e-01, 7.031402005519002e-03, 1.412191476486613e+02, 6.662772720297038e+00, -2.305964444354512e+01, 1.199999903557376e+00, -1.968026915683609e-06, -3.310370013442327e-05, 9.611016622342912e-01, 3.889807047427780e-02, 0.000000000000000e+00, 2.672914424645105e-07, 1.296575620001240e-02, 2.399999744794576e-01, -2.399999483664464e-01, -9.999998911957749e-01, -5.773159728050814e-15
2.495935144976204e-01, 7.453157271014982e-03, 1.331713268132632e+02, 6.464386766939827e+00, -2.166257058681791e+01, 1.199999884731864e+00, -2.279723205755380e-06, -3.718543251754527e-05, 9.632218021385093e-01, 3.677787882741160e-02, 0.000000000000000e+00, 3.190340905870859e-07, 1.225897390842126e-02, 2.399999694858461e-01, -2.399999382996494e-01, -9.999998700574971e-01, -5.551115123125783e-15
2.587459590442081e-01, 7.900405436212683e-03, 1.255757824802701e+02, 6.272204674197862e+00, -2.035415414312236e+01, 1.199999862246693e+00, -2.640752804245815e-06, -4.177299450539694e-05, 9.652313788276030e-01, 3.476824039647591e-02, 0.000000000000000e+00, 3.807759325924479e-07, 1.158903268961833e-02, 2.399999635197872e-01, -2.399999262775737e-01, -9.999998448240867e-01, -5.773159728050814e-15
2.681840284809915e-01, 8.374770510386506e-03, 1.184062570144204e+02, 6.085978439611404e+00, -1.912816134960788e+01, 1.199999835387660e+00, -3.058995852228040e-06, -4.693016016954659e-05, 9.671359358103448e-01, 3.286360972913317e-02, 0.000000000000000e+00, 4.544605336185977e-07, 1.095408211592819e-02, 2.399999563912750e-01, -2.399999119188623e-01, -9.999998146982466e-01, -5.773159728050814e-15
2.779141694449021e-01, 8.877803568517943e-03, 1.116404737705792e+02, 5.905536938520196e+00, -1.797925763526413e+01, 1.199999803312134e+00, -3.543427609906473e-06, -5.272677466084584e-05, 9.689401285560175e-01, 3.105932906428994e-02, 0.000000000000000e+00, 5.423797040997637e-07, 1.035256730851244e-02, 2.399999478761007e-01, -2.399998947736197e-01, -9.999997787396147e-01, -5.773159728050814e-15
2.879444428958117e-01, 9.411218216877123e-03, 1.052561697067763e+02, 5.730686545013865e+00, -1.690230030711255e+01, 1.199999765011373e+00, -4.104495459819314e-06, -5.924205936631740e-05, 9.706487571474025e-01, 2.935059557660414e-02, 0.000000000000000e+00, 6.472760046682605e-07, 9.782884583034262e-03, 2.399999377058257e-01, -2.399998743032914e-01, -9.999997358227053e-01, -5.551115123125783e-15
2.982867110750498e-01, 9.977027305271209e-03, 9.923025590715437e+01, 5.561184174542491e+00, -1.589218325741954e+01, 1.199999719265470e+00, -4.754527457692957e-06, -6.656765496523649e-05, 9.722669820665902e-01, 2.773224546831212e-02, 0.000000000000000e+00, 7.724651090089805e-07, 9.243309357905238e-03, 2.399999255557882e-01, -2.399998498566137e-01, -9.999996845866751e-01, -5.551115123125783e-15
3.089475809943504e-01, 1.057706002235009e-02, 9.354423042763565e+01, 5.396889332496032e+00, -1.494472620348397e+01, 1.199999664642609e+00, -5.507458669457299e-06, -7.480271105712261e-05, 9.737988573987395e-01, 2.620022076457383e-02, 0.000000000000000e+00, 9.218366981071146e-07, 8.732485085173537e-03, 2.399999110448736e-01, -2.399998206692513e-01, -9.999996234347674e-01, -5.773159728050814e-15
3.199375601591422e-01, 1.121346195679178e-02, 8.817852522737803e+01, 5.237608718022467e+00, -1.405570594301554e+01, 1.199999599416088e+00, -6.379679872093671e-06, -8.406149066504572e-05, 9.752488326243666e-01, 2.475006729537474e-02, 0.000000000000000e+00, 1.100080270257887e-06, 8.248922352015775e-03, 2.399998937134368e-01, -2.399997858194874e-01, -9.999995504416783e-01, -5.773159728050814e-15
3.312653566272135e-01, 1.188838696537601e-02, 8.311570071805545e+01, 5.083187831438687e+00, -1.322137558184395e+01, 1.199999521537239e+00, -7.390014819792597e-06, -9.447075913105035e-05, 9.766208822141761e-01, 2.337780502817275e-02, 0.000000000000000e+00, 1.312757662751208e-06, 7.791288919099267e-03, 2.399998730160658e-01, -2.399997442138014e-01, -9.999994633236143e-01, -5.773159728050814e-15
3.429392861773126e-01, 1.260407418650432e-02, 7.833942510991723e+01, 4.933484424631621e+00, -1.243827854759087e+01, 1.199999428569444e+00, -8.560171145450413e-06, -1.061721905031709e-04, 9.779187680351084e-01, 2.207966548313108e-02, 0.000000000000000e+00, 1.566481772377548e-06, 7.358322013608106e-03, 2.399998483040028e-01, -2.399996945516610e-01, -9.999993593648375e-01, -5.773159728050814e-15
3.549709140596660e-01, 1.336308199489675e-02, 7.383303629970179e+01, 4.788323572238721e+00, -1.170300147307474e+01, 1.199999317581384e+00, -9.915591517183461e-06, -1.193281094331307e-04, 9.791464212531772e-01, 2.085170954069135e-02, 0.000000000000000e+00, 1.869206143138693e-06, 6.948700642183280e-03, 2.399998187967161e-01, -2.399996352685464e-01, -9.999992352987158e-01, -5.773159728050814e-15
3.673705976959371e-01, 1.416802908723069e-02, 6.958144741538374e+01, 4.647557411532144e+00, -1.101247642946964e+01, 1.199999185086907e+00, -1.148559639447017e-05, -1.341195569819751e-04, 9.803074163698001e-01, 1.969035324332529e-02, 0.000000000000000e+00, 2.230386886357037e-06, 6.561220696257800e-03, 2.399997835658529e-01, -2.399995645038936e-01, -9.999990872410131e-01, -5.773159728050814e-15
3.801480123620968e-01, 1.502162483557015e-02, 6.557069464496745e+01, 4.511053937776695e+00, -1.036389512136869e+01, 1.199999026939691e+00, -1.330399433958748e-05, -1.507487635629390e-04, 9.814050844159142e-01, 1.859225431643571e-02, 0.000000000000000e+00, 2.661267662028802e-06, 6.194756840715725e-03, 2.399997415071686e-01, -2.399994800448998e-01, -9.999989105727064e-01, -5.995204332975845e-15
3.933155667898129e-01, 1.592690655128013e-02, 6.178683162862062e+01, 4.378660491006928e+00, -9.754521191638313e+00, 1.199998838161311e+00, -1.541029949407845e-05, -1.694463889338590e-04, 9.824428080502448e-01, 1.755401660415487e-02, 0.000000000000000e+00, 3.175345612259411e-06, 5.848163526568043e-03, 2.399996912947264e-01, -2.399993792347727e-01, -9.999986997485203e-01, -5.995204332975845e-15
4.068831915320202e-01, 1.688689879526894e-02, 5.821750418023241e+01, 4.250258725202801e+00, -9.181936724168905e+00, 1.199998612853366e+00, -1.784981661893555e-05, -1.904677478812539e-04, 9.834235835725259e-01, 1.657262781975872e-02, 0.000000000000000e+00, 3.788607727180566e-06, 5.520420671404825e-03, 2.399996313574406e-01, -2.399992589258932e-01, -9.999984481995020e-01, -5.773159728050814e-15
4.208651134245857e-01, 1.790509520841787e-02, 5.485002416127124e+01, 4.125697837207881e+00, -8.643725135878677e+00, 1.199998343907529e+00, -2.067577487896584e-05, -2.141063909748004e-04, 9.843505430121314e-01, 1.564493667100925e-02, 0.000000000000000e+00, 4.520316871237913e-06, 5.210458581836698e-03, 2.399995598018524e-01, -2.399991153250849e-01, -9.999981480100718e-01, -5.995204332975845e-15
4.352691110257289e-01, 1.898469403583739e-02, 5.167401192309452e+01, 4.004892334742997e+00, -8.137887824153097e+00, 1.199998022983950e+00, -2.394836388296704e-05, -2.406803787187981e-04, 9.852262214883636e-01, 1.476838544478547e-02, 0.000000000000000e+00, 5.393066863042321e-06, 4.917402093317967e-03, 2.399994744062749e-01, -2.399989439821878e-01, -9.999977898947973e-01, -5.995204332975845e-15
4.501105489583161e-01, 2.012963363868496e-02, 4.867800298551925e+01, 3.887697413064220e+00, -7.662296231579500e+00, 1.199997639975630e+00, -2.773891172950803e-05, -2.705606334822122e-04, 9.860534859297333e-01, 1.394007983501600e-02, 0.000000000000000e+00, 6.434235262736650e-06, 4.640259060045514e-03, 2.399993724781580e-01, -2.399987395042024e-01, -9.999973626016222e-01, -5.995204332975845e-15
4.654056050336289e-01, 2.134413887587328e-02, 4.585126937261299e+01, 3.773975094426822e+00, -7.214978933974007e+00, 1.199997182778398e+00, -3.213041090610477e-05, -3.041666927083747e-04, 9.868350294270207e-01, 1.315729396962104e-02, 0.000000000000000e+00, 7.676603370330955e-06, 4.378088077330869e-03, 2.399992507927214e-01, -2.399984954326422e-01, -9.999968526565118e-01, -5.995204332975845e-15
4.811649998324736e-01, 2.263222106709091e-02, 4.318479286834473e+01, 3.663636810331043e+00, -6.794269885003259e+00, 1.199996637121224e+00, -3.721733438383962e-05, -3.419576015284151e-04, 9.875730963203589e-01, 1.241774486757032e-02, 0.000000000000000e+00, 9.158812082939641e-06, 4.130089511506009e-03, 2.399991055476424e-01, -2.399982041531067e-01, -9.999962441754371e-01, -5.995204332975845e-15
4.973991760143399e-01, 2.399806480061899e-02, 4.067002665874152e+01, 3.556597756550741e+00, -6.398607169834862e+00, 1.199995986041687e+00, -4.310859109162441e-05, -3.844463886134322e-04, 9.882698191446835e-01, 1.171925407398467e-02, 0.000000000000000e+00, 1.092678134401868e-05, 3.895491292288258e-03, 2.399989322232813e-01, -2.399978566154387e-01, -9.999955182807162e-01, -5.995204332975845e-15
5.141252559792920e-01, 2.544664331967230e-02, 3.829791396993094e+01, 3.452734244212539e+00, -6.026375853370748e+00, 1.199995209048049e+00, -4.993263182509440e-05, -4.322266695809756e-04, 9.889274866451436e-01, 1.105947737636142e-02, 0.000000000000000e+00, 1.303597850723300e-05, 3.673456549994081e-03, 2.399987253594240e-01, -2.399974418866666e-01, -9.999946521684417e-01, -5.995204332975845e-15
5.313583509132034e-01, 2.698302631583104e-02, 3.606033520092208e+01, 3.351944628268157e+00, -5.676133034545314e+00, 1.199994281771500e+00, -5.783747622650667e-05, -4.859602521439278e-04, 9.895481386700726e-01, 1.043630897602451e-02, 0.000000000000000e+00, 1.555235391527241e-05, 3.463217404003402e-03, 2.399984784624597e-01, -2.399969469656395e-01, -9.999936187227936e-01, -6.217248937900877e-15
5.491133872226698e-01, 2.861253608418050e-02, 3.394971564414687e+01, 3.254134775865948e+00, -5.346542833029900e+00, 1.199993175162051e+00, -6.699435009607053e-05, -5.463897891945475e-04, 9.901336700904659e-01, 9.847775395269447e-03, 0.000000000000000e+00, 1.855451427699301e-05, 3.264037425427204e-03, 2.399981837910447e-01, -2.399963563541222e-01, -9.999923856218673e-01, -6.217248937900877e-15
5.674035614860845e-01, 3.034060859279610e-02, 3.195912792723065e+01, 3.159224690115641e+00, -5.036389595339571e+00, 1.199991854725841e+00, -7.760026939367088e-05, -6.143421635285494e-04, 9.906857977414982e-01, 9.292066476724661e-03, 0.000000000000000e+00, 2.213578178934997e-05, 3.075219911567032e-03, 2.399978321527403e-01, -2.399956516500475e-01, -9.999909144900471e-01, -5.995204332975845e-15
5.862463389678780e-01, 3.217337286679617e-02, 3.008160291866783e+01, 3.067116808914599e+00, -4.744468230680455e+00, 1.199990279036847e+00, -8.988564003488631e-05, -6.907615286680381e-04, 9.912062467696261e-01, 8.767345011463772e-03, 0.000000000000000e+00, 2.640821892259734e-05, 2.896040404517056e-03, 2.399974125073695e-01, -2.399948107536068e-01, -9.999891592424455e-01, -6.217248937900877e-15
6.056580451170109e-01, 3.411717445546936e-02, 2.831075084500993e+01, 2.977725725886495e+00, -4.469679173299806e+00, 1.199988398779496e+00, -1.041164533726335e-04, -7.767039243912917e-04, 9.916965730825338e-01, 8.271921707414533e-03, 0.000000000000000e+00, 3.150521006428744e-05, 2.725802433259737e-03, 2.399969117116768e-01, -2.399938073567827e-01, -9.999870650214956e-01, -6.217248937900877e-15
6.256492919898988e-01, 3.617809476342707e-02, 2.664103545361138e+01, 2.890995023472631e+00, -4.211068674442084e+00, 1.199986155861921e+00, -1.205954145187981e-04, -8.733258424358952e-04, 9.921580822572786e-01, 7.804333892575268e-03, 0.000000000000000e+00, 3.758385015895629e-05, 2.563861360723008e-03, 2.399963142827805e-01, -2.399926104706428e-01, -9.999845672124227e-01, -6.439293542825908e-15
6.462430088894603e-01, 3.836381856872530e-02, 2.506622691139545e+01, 2.806818128736396e+00, -3.967587538161171e+00, 1.199983479652479e+00, -1.396829367809913e-04, -9.819855773852166e-04, 9.925922511601796e-01, 7.362913713977037e-03, 0.000000000000000e+00, 4.483512585598617e-05, 2.409470271007368e-03, 2.399956013952936e-01, -2.399911824176636e-01, -9.999815872557483e-01, -6.217248937900877e-15
6.674594306838478e-01, 4.068217513276261e-02, 2.358078990950190e+01, 2.725108805808775e+00, -3.738305128636525e+00, 1.199980286098567e+00, -1.617946571222432e-04, -1.104198531242973e-03, 9.930003360227933e-01, 6.946177699066295e-03, 0.000000000000000e+00, 5.348627815306950e-05, 2.261907463206491e-03, 2.399947506460235e-01, -2.399894783623764e-01, -9.999780316709722e-01, -6.217248937900877e-15
6.893142623145839e-01, 4.314090578176460e-02, 2.217985637711607e+01, 2.645803303804146e+00, -3.522403360611530e+00, 1.199976475700931e+00, -1.874066329090407e-04, -1.241639343033128e-03, 9.933833730137607e-01, 6.552820722424140e-03, 0.000000000000000e+00, 6.380626382793161e-05, 2.120468982687980e-03, 2.399937355137979e-01, -2.399874452314107e-01, -9.999737898059142e-01, -6.217248937900877e-15
7.118247002461886e-01, 4.574831444417347e-02, 2.085872883295617e+01, 2.568834876772208e+00, -3.319098758057646e+00, 1.199971929747148e+00, -2.170705767501487e-04, -1.396194244361422e-03, 9.937423062576263e-01, 6.181577817135158e-03, 0.000000000000000e+00, 7.611592525130733e-05, 1.984412393965423e-03, 2.399925243554247e-01, -2.399850197049398e-01, -9.999687296489544e-01, -6.217248937900877e-15
7.350125382820051e-01, 4.851368486205146e-02, 1.961274056678023e+01, 2.494125264610082e+00, -3.127620106892655e+00, 1.199966505764699e+00, -2.514310544462658e-04, -1.570013220986793e-03, 9.940780141361159e-01, 5.831185602051005e-03, 0.000000000000000e+00, 9.080026184594369e-05, 1.852931659676896e-03, 2.399910791935352e-01, -2.399821257921783e-01, -9.999626927743023e-01, -6.439293542825908e-15
7.588963308008138e-01, 5.144640408245085e-02, 1.843770449723453e+01, 2.421611578550823e+00, -2.947276629945978e+00, 1.199960034665016e+00, -2.912290718328712e-04, -1.765485829344900e-03, 9.943911746856363e-01, 5.500509203386600e-03, 0.000000000000000e+00, 1.083161109898620e-04, 1.725191777828928e-03, 2.399893549548104e-01, -2.399786733096115e-01, -9.999554911708439e-01, -6.439293542825908e-15
7.834986115059712e-01, 5.455685154973804e-02, 1.732950347379057e+01, 2.351222717917203e+00, -2.777394184668315e+00, 1.199952313774548e+00, -3.373287686552632e-04, -1.985327997017421e-03, 9.946823612687031e-01, 5.188427782482474e-03, 0.000000000000000e+00, 1.292109488271773e-04, 1.600271839833622e-03, 2.399872976121887e-01, -2.399745541654416e-01, -9.999468994947901e-01, -6.439293542825908e-15
8.088414825032259e-01, 5.785591231187762e-02, 1.628431823197961e+01, 2.282893741865769e+00, -2.617349572496912e+00, 1.199943101458282e+00, -3.907299349851580e-04, -2.232587603789513e-03, 9.949519633723886e-01, 4.893899269781061e-03, 0.000000000000000e+00, 1.541373578431698e-04, 1.477172163491314e-03, 2.399848427511420e-01, -2.399696394946317e-01, -9.999366490969346e-01, -6.217248937900877e-15
8.349448412949186e-01, 6.135475275689103e-02, 1.529865585087352e+01, 2.216569247209739e+00, -2.466574173899347e+00, 1.199932110581333e+00, -4.525841681235567e-04, -2.510662962044076e-03, 9.952001603603111e-01, 4.615969025777980e-03, 0.000000000000000e+00, 1.838706139238407e-04, 1.354799624803625e-03, 2.399819138261765e-01, -2.399637761752138e-01, -9.999244207587417e-01, -6.439293542825908e-15
8.618228105556022e-01, 6.506430191298673e-02, 1.436941103798121e+01, 2.152209561858226e+00, -2.324562648136137e+00, 1.199919002338059e+00, -5.242055956799439e-04, -2.823292576769020e-03, 9.954268870187007e-01, 4.353787734620970e-03, 0.000000000000000e+00, 2.193252466912970e-04, 1.231957106353810e-03, 2.399784205151159e-01, -2.399567835422054e-01, -9.999098378393190e-01, -6.439293542825908e-15
8.895084437049557e-01, 6.899871771227188e-02, 1.349302295978963e+01, 2.089732476425479e+00, -2.190743613479585e+00, 1.199903363422979e+00, -6.071661662897451e-04, -3.174897872917511e-03, 9.956320095059953e-01, 4.106373890452790e-03, 0.000000000000000e+00, 2.616166035648961e-04, 1.107202832500678e-03, 2.399742526336670e-01, -2.399484412175925e-01, -9.998924408940075e-01, -6.439293542825908e-15
9.180223954470630e-01, 7.317115840165034e-02, 1.266658697011206e+01, 2.029090075518148e+00, -2.064649136431844e+00, 1.199884707644018e+00, -7.032496073547140e-04, -3.570291231018494e-03, 9.958150159852395e-01, 3.872927784894058e-03, 0.000000000000000e+00, 3.120562298794869e-04, 9.789597385125406e-04, 2.399692805633883e-01, -2.399384899826022e-01, -9.998716894899470e-01, -6.439293542825908e-15
9.473950849879678e-01, 7.759693994447038e-02, 1.188710612448914e+01, 1.970217070427635e+00, -1.945799942222516e+00, 1.199862448622805e+00, -8.145543708164937e-04, -4.015016018090253e-03, 9.959751540136550e-01, 3.652620635809258e-03, 0.000000000000000e+00, 3.722253505488043e-04, 8.453718372289395e-04, 2.399633479739536e-01, -2.399266172310840e-01, -9.998469318619710e-01, -6.439293542825908e-15
9.773950849879678e-01, 8.225103149784582e-02, 1.115790223890615e+01, 1.913534281517464e+00, -1.834681834078687e+00, 1.199836132485124e+00, -9.423334947682321e-04, -4.510795123443911e-03, 9.961102461855550e-01, 3.446408186693397e-03, 0.000000000000000e+00, 4.433456277647849e-04, 7.055379391231721e-04, 2.399563338414772e-01, -2.399125810974760e-01, -9.998176637253091e-01, -6.439293542825908e-15
1.007395084987968e+00, 8.704036385423061e-02, 1.048892256097106e+01, 1.860043950014945e+00, -1.732789993507626e+00, 1.199805753295928e+00, -1.085646877259319e-03, -5.051056498180060e-03, 9.962174502069117e-01, 3.257122599490687e-03, 0.000000000000000e+00, 5.254271936108452e-04, 5.603938954015867e-04, 2.399482365330425e-01, -2.398963786809606e-01, -9.997838790031084e-01, -6.661338147750939e-15
1.037395084987968e+00, 9.196498152588689e-02, 9.873704136160931e+00, 1.809484693265603e+00, -1.639121416142128e+00, 1.199770824626862e+00, -1.245867432690030e-03, -5.638375029915761e-03, 9.962972679570863e-01, 3.082954466083225e-03, 0.000000000000000e+00, 6.197775768434450e-04, 4.080319320427993e-04, 2.399389263478651e-01, -2.398777508607415e-01, -9.997450372557103e-01, -6.439293542825908e-15
1.067395084987968e+00, 9.702493567469583e-02, 9.306628837691676e+00, 1.761623174550403e+00, -1.552805606328969e+00, 1.199730817692833e+00, -1.424446382204605e-03, -6.275396216951861e-03, 9.963498538201575e-01, 2.922329330121956e-03, 0.000000000000000e+00, 7.278168497335558e-04, 2.465108709793602e-04, 2.399282622890942e-01, -2.398564160182100e-01, -9.997005510305509e-01, -6.439293542825908e-15
1.097395084987968e+00, 1.022202848831366e-01, 8.782794101417842e+00, 1.716250446068263e+00, -1.473084035275117e+00, 1.199685158971093e+00, -1.622915366005941e-03, -6.964835758524781e-03, 9.963750444142104e-01, 2.773871979298826e-03, 0.000000000000000e+00, 8.510836065037864e-04, 7.383845034747987e-05, 2.399160914285535e-01, -2.398320687899455e-01, -9.996497832300130e-01, -6.439293542825908e-15
1.127395084987968e+00, 1.075510959902145e-01, 8.297906179319497e+00, 1.673178851720065e+00, -1.399293228140540e+00, 1.199633227757147e+00, -1.842888542503918e-03, -7.709479085729973e-03, 9.963723820691808e-01, 2.636376911820670e-03, 0.000000000000000e+00, 9.912410190116197e-04, -1.120443327584654e-04, 2.399022482545667e-01, -2.398043787917767e-01, -9.995920444118300e-01, -6.439293542825908e-15
1.157395084987968e+00, 1.130174449958286e-01, 7.848191533943359e+00, 1.632239392009392e+00, -1.330850764067867e+00, 1.199574353657899e+00, -2.086064672418823e-03, -8.512180826447918e-03, 9.963411332609443e-01, 2.508783786523564e-03, 0.000000000000000e+00, 1.150082952545316e-03, -3.132772296266487e-04, 2.398865540029708e-01, -2.397729893149515e-01, -9.995265900229742e-01, -6.439293542825908e-15
1.187395084987968e+00, 1.186194180371443e-01, 7.430322931502342e+00, 1.593279472418876e+00, -1.267243628529694e+00, 1.199507814022541e+00, -2.354229185753118e-03, -9.375864197060019e-03, 9.962803029594919e-01, 2.390156918254380e-03, 0.000000000000000e+00, 1.329540122266645e-03, -5.320933826097371e-04, 2.398688159714345e-01, -2.397375159956100e-01, -9.994526175680954e-01, -6.439293542825908e-15
1.217395084987968e+00, 1.243571124406112e-01, 7.041357509628302e+00, 1.556160971579833e+00, -1.208018476117597e+00, 1.199432831311700e+00, -2.649256229319986e-03, -1.030352031317059e-02, 9.961886456573933e-01, 2.279668074347827e-03, 0.000000000000000e+00, 1.531686268271886e-03, -7.708308200473175e-04, 2.398488268172162e-01, -2.396975454589176e-01, -9.993692637137065e-01, -6.439293542825908e-15
1.247395084987968e+00, 1.302306378533356e-01, 6.678684651196976e+00, 1.520758577379268e+00, -1.152773453294757e+00, 1.199348570405503e+00, -2.973110692274600e-03, -1.129820741095167e-02, 9.960646736969965e-01, 2.176581978578305e-03, 0.000000000000000e+00, 1.758744324438105e-03, -1.031942966194905e-03, 2.398263638385148e-01, -2.396526339393931e-01, -9.992756013294740e-01, -6.439293542825908e-15
1.277395084987968e+00, 1.362401174575815e-01, 6.339981927946820e+00, 1.486958348555659e+00, -1.101151301467667e+00, 1.199254135851221e+00, -3.327850206833251e-03, -1.236304997009945e-02, 9.959066634004262e-01, 2.080244046421407e-03, 0.000000000000000e+00, 2.013092553165279e-03, -1.318008285474932e-03, 2.398011882395882e-01, -2.396023058791647e-01, -9.991706364681361e-01, -6.439293542825908e-15
1.307395084987968e+00, 1.423856892722359e-01, 6.023177716182127e+00, 1.454656466861638e+00, -1.052833515986237e+00, 1.199148569051317e+00, -3.715627121085329e-03, -1.350123772873388e-02, 9.957126594175550e-01, 1.990069967650156e-03, 0.000000000000000e+00, 2.297270614807673e-03, -1.631739144976025e-03, 2.397730443798372e-01, -2.395460525061029e-01, -9.990533052857491e-01, -6.439293542825908e-15
1.337395084987968e+00, 1.486675075451296e-01, 5.726419353579593e+00, 1.423758150926983e+00, -1.007535380049145e+00, 1.199030845392761e+00, -4.138690440502894e-03, -1.471602457988685e-02, 9.954804776379417e-01, 1.905536825068322e-03, 0.000000000000000e+00, 2.613985537002999e-03, -1.975989949841298e-03, 2.397416590070793e-01, -2.394833303940133e-01, -9.989224709041563e-01, -6.439293542825908e-15
1.367395084987968e+00, 1.550857442401517e-01, 5.448045917434492e+00, 1.394176707852495e+00, -9.650017267296667e-01, 1.198899871318620e+00, -4.599387734431249e-03, -1.601072733850838e-02, 9.952077069588109e-01, 1.826175495951072e-03, 0.000000000000000e+00, 2.966117545250930e-03, -2.353764581532641e-03, 2.397067404752673e-01, -2.394135600073342e-01, -9.987769202177967e-01, -6.439293542825908e-15
1.397395084987968e+00, 1.616405906231419e-01, 5.186564872999364e+00, 1.365832702545651e+00, -9.250033095195046e-01, 1.198754481343030e+00, -5.100167003500728e-03, -1.738872436717449e-02, 9.948917101591931e-01, 1.751564128858031e-03, 0.000000000000000e+00, 3.356725711961828e-03, -2.768223147825028e-03, 2.396679779469381e-01, -2.393361242330610e-01, -9.986153606471756e-01, -6.439293542825908e-15
1.427395084987968e+00, 1.683322589505767e-01, 4.940631975322124e+00, 1.338653228059500e+00, -8.873336834836228e-01, 1.198593435010780e+00, -5.643578503533841e-03, -1.885345404790512e-02, 9.945296240977700e-01, 1.681322525448566e-03, 0.000000000000000e+00, 3.789053376794199e-03, -3.222688034931656e-03, 2.396250405807173e-01, -2.392503669029294e-01, -9.984364168415794e-01, -6.439293542825908e-15
1.457395084987968e+00, 1.751609842650934e-01, 4.709033916403282e+00, 1.312571262862934e+00, -8.518065165234643e-01, 1.198415413802896e+00, -6.232276521132167e-03, -2.040841308669475e-02, 9.941183594268668e-01, 1.615107286714492e-03, 0.000000000000000e+00, 4.266533286431499e-03, -3.720649235750021e-03, 2.395775767042422e-01, -2.391555913092132e-01, -9.982386273338513e-01, -6.439293542825908e-15
1.487395084987968e+00, 1.821270263019117e-01, 4.490673297121217e+00, 1.287525103167643e+00, -8.182532642757794e-01, 1.198219017989750e+00, -6.869021095713024e-03, -2.205715463652323e-02, 9.936545999958302e-01, 1.552607607155790e-03, 0.000000000000000e+00, 4.792792397026830e-03, -4.265768913370691e-03, 2.395252129729162e-01, -2.390510587178571e-01, -9.980204411503325e-01, -6.439293542825908e-15
1.517395084987968e+00, 1.892306715102200e-01, 4.284555574522664e+00, 1.263457860254852e+00, -7.865211535365336e-01, 1.198002763433373e+00, -7.556679682326045e-03, -2.380328622374907e-02, 9.931348021026009e-01, 1.493541620027523e-03, 0.000000000000000e+00, 5.371656277384558e-03, -4.861885145344925e-03, 2.394675535149547e-01, -2.389359868830449e-01, -9.977802143793286e-01, -6.439293542825908e-15
1.547395084987968e+00, 1.964722351935872e-01, 4.089777693090753e+00, 1.240317014254959e+00, -7.564714283421440e-01, 1.197765078340858e+00, -8.298228749113526e-03, -2.565046746189240e-02, 9.925551937416472e-01, 1.437653212790868e-03, 0.000000000000000e+00, 6.007153045574865e-03, -5.513014781501845e-03, 2.394041790632419e-01, -2.388095485677183e-01, -9.975162067017783e-01, -6.439293542825908e-15
1.577395084987968e+00, 2.038520637734416e-01, 3.905518156104549e+00, 1.218054017092127e+00, -7.279778203910668e-01, 1.197504299970889e+00, -9.096755302784820e-03, -2.760240753589058e-02, 9.919117739888703e-01, 1.384709245021289e-03, 0.000000000000000e+00, 6.703516766121603e-03, -6.223355336154274e-03, 2.393346460745813e-01, -2.386708700750085e-01, -9.972265778880756e-01, -6.661338147750939e-15
1.607395084987968e+00, 2.113705371796261e-01, 3.731028332251357e+00, 1.196623938359485e+00, -7.009252116825002e-01, 1.197218671295691e+00, -9.955458334953321e-03, -2.966286243895560e-02, 9.912003126589833e-01, 1.334497111824065e-03, 0.000000000000000e+00, 7.465190229205619e-03, -6.997285824212767e-03, 2.392584858369945e-01, -2.385190297960118e-01, -9.969093842653234e-01, -6.439293542825908e-15
1.637395084987968e+00, 2.190280713719889e-01, 3.565624824872964e+00, 1.175985148775340e+00, -6.752084623495070e-01, 1.196906337620854e+00, -1.087765018163378e-02, -3.183563194318006e-02, 9.904163503677527e-01, 1.286822604726078e-03, 0.000000000000000e+00, 8.296827027534290e-03, -7.839366439971076e-03, 2.391752035658020e-01, -2.383530567798532e-01, -9.965625751595835e-01, -6.439293542825908e-15
1.667395084987968e+00, 2.268251209969018e-01, 3.408682757910483e+00, 1.156099036616213e+00, -6.507313808800582e-01, 1.196565343165794e+00, -1.186675778761702e-02, -3.412455628402710e-02, 9.895551991299036e-01, 1.241508029406169e-03, 0.000000000000000e+00, 9.203292840703097e-03, -8.754336967111425e-03, 2.390842774893086e-01, -2.381719293325161e-01, -9.961839893180208e-01, -6.439293542825908e-15
1.697395084987968e+00, 2.347621821825101e-01, 3.259629854788853e+00, 1.136929753152682e+00, -6.274058174172679e-01, 1.196193627607808e+00, -1.292632386682760e-02, -3.653351253780024e-02, 9.886119436231475e-01, 1.198390545776609e-03, 0.000000000000000e+00, 1.018966583108892e-02, -9.747113798824076e-03, 2.389851579250183e-01, -2.379745736514910e-01, -9.957713513161166e-01, -6.439293542825908e-15
1.727395084987968e+00, 2.428397954764115e-01, 3.117941204974932e+00, 1.118443983648218e+00, -6.051508637420567e-01, 1.195789022593005e+00, -1.406000794912701e-02, -3.906641067012141e-02, 9.875814432493011e-01, 1.157320701061116e-03, 0.000000000000000e+00, 1.126123604965085e-02, -1.082278543789944e-02, 2.388772663474118e-01, -2.377598625038996e-01, -9.953222679554314e-01, -6.439293542825908e-15
1.757395084987968e+00, 2.510585489293241e-01, 2.983134628414950e+00, 1.100610740935573e+00, -5.838921459738693e-01, 1.195349248217656e+00, -1.527158730334939e-02, -4.172718923235016e-02, 9.864583351246290e-01, 1.118161130812515e-03, 0.000000000000000e+00, 1.242350374457185e-02, -1.198660633832510e-02, 2.387599944484479e-01, -2.375266139563907e-01, -9.948342246576675e-01, -6.661338147750939e-15
1.787395084987969e+00, 2.594190813281491e-01, 2.854766561042061e+00, 1.083401178972730e+00, -5.635611980634866e-01, 1.194871909483853e+00, -1.656495772564796e-02, -4.451981068175434e-02, 9.852370381330265e-01, 1.080785406422387e-03, 0.000000000000000e+00, 1.368217646056448e-02, -1.324398894242931e-02, 2.386327031920882e-01, -2.372735901657746e-01, -9.943045818610218e-01, -6.661338147750939e-15
1.817395084987969e+00, 2.679220855816397e-01, 2.732428395475765e+00, 1.066788424111755e+00, -5.440949058655626e-01, 1.194354492733673e+00, -1.794413418148757e-02, -4.744825630009039e-02, 9.839117581772823e-01, 1.045077010715171e-03, 0.000000000000000e+00, 1.504316481201553e-02, -1.460049376111326e-02, 2.384947218643020e-01, -2.369994962400677e-01, -9.937305714250352e-01, -6.439293542825908e-15
1.847395084987969e+00, 2.765683122616702e-01, 2.615743220264033e+00, 1.050747422097996e+00, -5.254350130233905e-01, 1.193794362066444e+00, -1.941325128884077e-02, -5.051652068407483e-02, 9.824764947651266e-01, 1.010928425787109e-03, 0.000000000000000e+00, 1.651257680909931e-02, -1.606181733939424e-02, 2.383453471201854e-01, -2.367029791803569e-01, -9.931092930503053e-01, -6.439293542825908e-15
1.877395084987969e+00, 2.853585733028396e-01, 2.504362908833091e+00, 1.035254799061244e+00, -5.075276811202752e-01, 1.193188755744049e+00, -2.097656362933140e-02, -5.372860578001757e-02, 9.809250490678795e-01, 9.782403194254327e-04, 0.000000000000000e+00, 1.809671061270802e-02, -1.763377794555456e-02, 2.381838420300198e-01, -2.363826269146572e-01, -9.924377107195389e-01, -6.439293542825908e-15
1.907395084987969e+00, 2.942937458628511e-01, 2.397965515944152e+00, 1.020288734970891e+00, -4.903230975880598e-01, 1.192534782589662e+00, -2.263844587321901e-02, -5.708851443365340e-02, 9.792510335900181e-01, 9.469208182901187e-04, 0.000000000000000e+00, 1.980204559170467e-02, -1.932229881990047e-02, 2.380094351263234e-01, -2.360369674357344e-01, -9.917126491664412e-01, -6.439293542825908e-15
1.937395084987969e+00, 3.033747763457650e-01, 2.296252945104015e+00, 1.005828848208825e+00, -4.737751257444659e-01, 1.191829418385710e+00, -2.440339270322994e-02, -6.060024342493599e-02, 9.774478835876106e-01, 9.168848576128717e-04, 0.000000000000000e+00, 2.163523155478908e-02, -2.113338881874648e-02, 2.378213194541847e-01, -2.356644680556885e-01, -9.909307903789016e-01, -6.217248937900877e-15
1.967395084987969e+00, 3.126026845898437e-01, 2.198948855196394e+00, 9.918560900710768e-01, -4.578409920821223e-01, 1.191069502277329e+00, -2.627601852131414e-02, -6.426777595625735e-02, 9.755088703721168e-01, 8.880535985096268e-04, 0.000000000000000e+00, 2.360307602938613e-02, -2.307312029104301e-02, 2.376186516274510e-01, -2.352635347909368e-01, -9.900886701427518e-01, -6.217248937900877e-15
1.997395084987969e+00, 3.219785682212608e-01, 2.105796778724754e+00, 9.783526481456920e-01, -4.424810065742503e-01, 1.190251733188092e+00, -2.826105692144056e-02, -6.809507356121439e-02, 9.734271166332281e-01, 8.603539051503031e-04, 0.000000000000000e+00, 2.571252946163393e-02, -2.514760402936522e-02, 2.374005508936444e-01, -2.348325118921083e-01, -9.891826746320963e-01, -5.995204332975845e-15
2.027395084987968e+00, 3.315036071744585e-01, 2.016558427594231e+00, 9.653018576328660e-01, -4.276583123121465e-01, 1.189372666255285e+00, -3.036335991053737e-02, -7.208606739966239e-02, 9.711956139100032e-01, 8.337178750129811e-04, 0.000000000000000e+00, 2.797066821499638e-02, -2.736296114409809e-02, 2.371660982108245e-01, -2.343696815342441e-01, -9.882090370517687e-01, -6.217248937900877e-15
2.057395084987968e+00, 3.411790683793767e-01, 1.931012165400610e+00, 9.526881197766650e-01, -4.133386612621264e-01, 1.188428709292557e+00, -3.258789685863376e-02, -7.624464890336560e-02, 9.688072423332351e-01, 8.080824162942464e-04, 0.000000000000000e+00, 3.038467525048320e-02, -2.972529171991532e-02, 2.369143353399945e-01, -2.338732636835963e-01, -9.871638343368543e-01, -6.217248937900877e-15
2.087395084987968e+00, 3.510063106151499e-01, 1.848951627813950e+00, 9.404968266677805e-01, -3.994902133363443e-01, 1.187416119288389e+00, -3.493975315816737e-02, -8.057465973507079e-02, 9.662547927535671e-01, 7.833888672741834e-04, 0.000000000000000e+00, 3.296181837917139e-02, -3.224064012738469e-02, 2.366442639570745e-01, -2.333414161582249e-01, -9.860429839134037e-01, -6.217248937900877e-15
2.117395084987968e+00, 3.609867895291684e-01, 1.770184474906382e+00, 9.287142917555339e-01, -3.860833563228004e-01, 1.186330998949406e+00, -3.742412857128338e-02, -8.507988102228085e-02, 9.635309913590308e-01, 7.595826530609678e-04, 0.000000000000000e+00, 3.570942598792053e-02, -3.491495688006115e-02, 2.363548447889345e-01, -2.327722349004973e-01, -9.848422405234109e-01, -5.995204332975845e-15
2.147395084987968e+00, 3.711220628196166e-01, 1.694531261231022e+00, 9.173276854763298e-01, -3.730905445231854e-01, 1.185169293298223e+00, -4.004633524276494e-02, -8.976402182538390e-02, 9.606285268722398e-01, 7.366129756809615e-04, 0.000000000000000e+00, 3.863486015209152e-02, -3.775405694905253e-02, 2.360449967785047e-01, -2.321637544804984e-01, -9.835571931158185e-01, -5.995204332975845e-15
2.177395084987968e+00, 3.814137955787238e-01, 1.621824411156098e+00, 9.063249754662652e-01, -3.604861542099528e-01, 1.183926786336219e+00, -4.281179535499933e-02, -9.463070679807689e-02, 9.575400804011347e-01, 7.144325339481111e-04, 0.000000000000000e+00, 4.174548706492955e-02, -4.076357447303320e-02, 2.357135962845570e-01, -2.315139488502452e-01, -9.821832618036938e-01, -6.217248937900877e-15
2.207395084987967e+00, 3.918637657929900e-01, 1.551907288433170e+00, 8.956948708787545e-01, -3.482463542420006e-01, 1.182599097782336e+00, -4.572603840009521e-02, -9.968346299620590e-02, 9.542583579978066e-01, 6.929972699517955e-04, 0.000000000000000e+00, 4.504864473225395e-02, -4.394891383226995e-02, 2.353594763223963e-01, -2.308207323694687e-01, -9.807156948857655e-01, -5.995204332975845e-15
2.237395084987967e+00, 4.024738699955680e-01, 1.484633350261998e+00, 8.854267703748130e-01, -3.363489903765213e-01, 1.181181679899787e+00, -4.879469804292091e-02, -1.049257057891961e-01, 9.507761259572880e-01, 6.722661393539428e-04, 0.000000000000000e+00, 4.855160790337035e-02, -4.731519709058131e-02, 2.349814258524004e-01, -2.300819611245607e-01, -9.791495659281714e-01, -5.995204332975845e-15
2.267395084987967e+00, 4.132461290647767e-01, 1.419865377234421e+00, 8.755107133948634e-01, -3.247734819870965e-01, 1.179669814423350e+00, -5.202350854742825e-02, -1.103607238261459e-01, 9.470862488622079e-01, 6.522009029918688e-04, 0.000000000000000e+00, 5.226155023481226e-02, -5.086720784937964e-02, 2.345781891241302e-01, -2.292954345630768e-01, -9.774797708995102e-01, -5.995204332975845e-15
2.297395084987967e+00, 4.241826941613918e-01, 1.357474771517960e+00, 8.659373343573228e-01, -3.135007300484929e-01, 1.178058609600785e+00, -5.541830073715454e-02, -1.159916630063785e-01, 9.431817303497624e-01, 6.327659375493048e-04, 0.000000000000000e+00, 5.618550371270023e-02, -5.460933160305006e-02, 2.341484650845816e-01, -2.284588974669298e-01, -9.757010253490384e-01, -5.995204332975845e-15
2.327395084987967e+00, 4.352858527958807e-01, 1.297340916496387e+00, 8.566978194613988e-01, -3.025130353798467e-01, 1.176342997362806e+00, -5.898499745925253e-02, -1.218215094017481e-01, 9.390557565445339e-01, 6.139280632900451e-04, 0.000000000000000e+00, 6.033031539218806e-02, -5.854549273480764e-02, 2.336909068600863e-01, -2.275700422880836e-01, -9.738078616141135e-01, -5.995204332975845e-15
2.357395084987966e+00, 4.465580350151174e-01, 1.239350591835498e+00, 8.477838658000175e-01, -2.917940262525175e-01, 1.174517730636980e+00, -6.272960851977631e-02, -1.278530710752446e-01, 9.347017420643744e-01, 5.956563870513353e-04, 0.000000000000000e+00, 6.470260154858627e-02, -6.267908834661726e-02, 2.332041213223883e-01, -2.266265118711586e-01, -9.717946260386339e-01, -5.995204332975845e-15
2.387395084987966e+00, 4.580018196963089e-01, 1.183397438602053e+00, 8.391876425140812e-01, -2.813285945690069e-01, 1.172577380821920e+00, -6.665822505624255e-02, -1.340889587373838e-01, 9.301133784669772e-01, 5.779221588716301e-04, 0.000000000000000e+00, 6.930869937416295e-02, -6.701291917539488e-02, 2.326866687505329e-01, -2.256259025878651e-01, -9.696554761792656e-01, -5.773159728050814e-15
2.417395084987966e+00, 4.696199409338743e-01, 1.129381469644209e+00, 8.309017537417178e-01, -2.711028399067901e-01, 1.170516335439190e+00, -7.077701331168072e-02, -1.405315651784599e-01, 9.252846849621486e-01, 5.606986407832915e-04, 0.000000000000000e+00, 7.415461639707970e-02, -7.154911791000863e-02, 2.321370626014100e-01, -2.245657679085867e-01, -9.673843779705978e-01, -5.773159728050814e-15
2.447395084987966e+00, 4.814152945028210e-01, 1.077208620953234e+00, 8.229192031362044e-01, -2.611040207972338e-01, 1.168328795981429e+00, -7.509220777247205e-02, -1.471830434109020e-01, 9.202100611695033e-01, 5.439609864382527e-04, 0.000000000000000e+00, 7.924597784407009e-02, -7.628907528886207e-02, 2.315537694030924e-01, -2.234436224367130e-01, -9.649751028139771e-01, -5.773159728050814e-15
2.477395084987966e+00, 4.933909443797449e-01, 1.026790340177660e+00, 8.152333597441118e-01, -2.513205126762992e-01, 1.166008775976385e+00, -7.961010363024056e-02, -1.540452834516577e-01, 9.148843416538063e-01, 5.276861303563959e-04, 0.000000000000000e+00, 8.458797221584884e-02, -8.123336442518683e-02, 2.309352087865153e-01, -2.222569464314673e-01, -9.624212245475721e-01, -5.773159728050814e-15
2.507395084987965e+00, 5.055501292999207e-01, 9.780432088599940e-01, 8.078379250512379e-01, -2.417417720015385e-01, 1.163550099287745e+00, -8.433704852588557e-02, -1.611198876696387e-01, 9.093028519210634e-01, 5.118526856947471e-04, 0.000000000000000e+00, 9.018529539325301e-02, -8.638166387551799e-02, 2.302797536725403e-01, -2.210031908449670e-01, -9.597161162471770e-01, -5.551115123125783e-15
2.537395084987965e+00, 5.178962693260201e-01, 9.308885953192523e-01, 8.007269010182847e-01, -2.323583060799355e-01, 1.160946398674968e+00, -8.927943353151467e-02, -1.684081446177161e-01, 9.034614655084268e-01, 4.964408495327173e-04, 0.000000000000000e+00, 9.604209364205195e-02, -9.173268003489603e-02, 2.295857306330518e-01, -2.196797828990739e-01, -9.568529467982890e-01, -5.551115123125783e-15
2.567395084987965e+00, 5.304329724007825e-01, 8.852523354155744e-01, 7.938945589412433e-01, -2.231616481941805e-01, 1.158191114635666e+00, -9.444368332352807e-02, -1.759110012624510e-01, 8.973566617508884e-01, 4.814323147563320e-04, 0.000000000000000e+00, 1.021619059343665e-01, -9.728406950867147e-02, 2.288514204464374e-01, -2.182841322272318e-01, -9.538246771700555e-01, -5.551115123125783e-15
2.597395084987965e+00, 5.431640408524356e-01, 8.410644387110220e-01, 7.873354089832498e-01, -2.141443376516605e-01, 1.155277494555550e+00, -9.983624549739589e-02, -1.836290335175837e-01, 8.909855837585655e-01, 4.668101877043749e-04, 0.000000000000000e+00, 1.085476060537415e-01, -1.030323621737230e-01, 2.280750588695957e-01, -2.168136376059210e-01, -9.506240563107186e-01, -5.551115123125783e-15
2.627395084987965e+00, 5.560934778177963e-01, 7.982588177875545e-01, 7.810441702354772e-01, -2.052999044113057e-01, 1.152198592192446e+00, -1.054635789717310e-01, -1.915624149791481e-01, 8.843460960911728e-01, 4.525589108130161e-04, 0.000000000000000e+00, 1.152013449980253e-01, -1.089728856996316e-01, 2.272548376505059e-01, -2.152656942995788e-01, -9.472436165721358e-01, -5.551115123125783e-15
2.657395084987964e+00, 5.692254935437474e-01, 7.567730387028875e-01, 7.750157411745735e-01, -1.966228579688808e-01, 1.148947267522548e+00, -1.113321414260595e-01, -1.997108837508192e-01, 8.774368415723209e-01, 4.386641895641008e-04, 0.000000000000000e+00, 1.221244942381261e-01, -1.150996923509229e-01, 2.263889058073545e-01, -2.136377020418217e-01, -9.436756685577893e-01, -5.551115123125783e-15
2.687395084987964e+00, 5.825645115231601e-01, 7.165480907606652e-01, 7.692451703934244e-01, -1.881086802016791e-01, 1.145516186978766e+00, -1.174483757131962e-01, -2.080737072375844e-01, 8.702572966467459e-01, 4.251129231069068e-04, 0.000000000000000e+00, 1.293175904301582e-01, -1.214054889328516e-01, 2.254753712022514e-01, -2.119270736745389e-01, -9.399122952743265e-01, -5.551115123125783e-15
2.717395084987964e+00, 5.961151744162688e-01, 6.775281739459584e-01, 7.637276274907442e-01, -1.797538218890790e-01, 1.141897824112863e+00, -1.238186951832971e-01, -2.166496447739125e-01, 8.628078246499202e-01, 4.118931379847809e-04, 0.000000000000000e+00, 1.367802822121059e-01, -1.278815707732517e-01, 2.245123024396518e-01, -2.101312444649121e-01, -9.359453454511460e-01, -5.329070518200751e-15
2.747395084987964e+00, 6.098823497029944e-01, 6.396605025329696e-01, 7.584583740133302e-01, -1.715557026362322e-01, 1.138084460715032e+00, -1.304494678524530e-01, -2.254369079391320e-01, 8.550897263330117e-01, 3.989939244574118e-04, 0.000000000000000e+00, 1.445112797425420e-01, -1.345177606496151e-01, 2.234977311217211e-01, -2.082476821186203e-01, -9.317664258757271e-01, -5.551115123125783e-15
2.777395084987964e+00, 6.238711350057021e-01, 6.028951235111399e-01, 7.534327343528967e-01, -1.635127139343225e-01, 1.134068188426628e+00, -1.373469993440405e-01, -2.344331183975505e-01, 8.471052869682834e-01, 3.864053749672209e-04, 0.000000000000000e+00, 1.525083076567604e-01, -1.413023535717647e-01, 2.224296544950027e-01, -2.062738975054156e-01, -9.273668925743440e-01, -5.551115123125783e-15
2.807395084987963e+00, 6.380868630153511e-01, 5.671847486005084e-01, 7.486460665073631e-01, -1.556242250923668e-01, 1.129840910884043e+00, -1.445175145259285e-01, -2.436352630838083e-01, 8.388578193520683e-01, 3.741185243549337e-04, 0.000000000000000e+00, 1.607680621235878e-01, -1.482220683143706e-01, 2.213060385248634e-01, -2.042074561108978e-01, -9.227378406484619e-01, -5.551115123125783e-15
2.837395084987963e+00, 6.525351059469033e-01, 5.324845987387685e-01, 7.440937326244593e-01, -1.478905917723556e-01, 1.125394346434027e+00, -1.519671377609654e-01, -2.530396465348882e-01, 8.303517020256512e-01, 3.621252914851657e-04, 0.000000000000000e+00, 1.692861726828746e-01, -1.552620065584671e-01, 2.201248214362337e-01, -2.020459902256564e-01, -9.178700925564889e-01, -5.329070518200751e-15
2.867395084987963e+00, 6.672216794421854e-01, 4.987522600225249e-01, 7.397710692536666e-01, -1.403131668514784e-01, 1.120720031463417e+00, -1.597018716819086e-01, -2.626418401489802e-01, 8.215924120498765e-01, 3.504184219980274e-04, 0.000000000000000e+00, 1.780571695281363e-01, -1.624056204457084e-01, 2.188839177611227e-01, -1.997872118799978e-01, -9.127541846086384e-01, -5.329070518200751e-15
2.897395084987963e+00, 6.821526458301018e-01, 4.659475501749528e-01, 7.356733572409823e-01, -1.328943133220478e-01, 1.115809324388929e+00, -1.677275743950115e-01, -2.724366281278596e-01, 8.125865516979555e-01, 3.389914319573496e-04, 0.000000000000000e+00, 1.870744568700976e-01, -1.696346892724111e-01, 2.175812229352014e-01, -1.974289265292246e-01, -9.073803514194860e-01, -5.107025913275720e-15
2.927395084987963e+00, 6.973343166451600e-01, 4.340323946926192e-01, 7.317957912099405e-01, -1.256374189212201e-01, 1.110653410355700e+00, -1.760499350088032e-01, -2.824179498335153e-01, 8.033418684734813e-01, 3.278385522201018e-04, 0.000000000000000e+00, 1.963302929743091e-01, -1.769293059519859e-01, 2.162146184873631e-01, -1.949690474908855e-01, -9.017385080383948e-01, -5.107025913275720e-15
2.957395084987962e+00, 7.127732542956589e-01, 4.029707118965484e-01, 7.281334485819156e-01, -1.185469121583332e-01, 1.105243306696473e+00, -1.846744473760981e-01, -2.925788382613603e-01, 7.938672679174291e-01, 3.169546734046876e-04, 0.000000000000000e+00, 2.058157774091763e-01, -1.842678737542485e-01, 2.147819778675396e-01, -1.924056111315781e-01, -8.958182294523728e-01, -4.884981308350689e-15
2.987395084987962e+00, 7.284762727626038e-01, 3.727283061776268e-01, 7.246812580991255e-01, -1.116282793772216e-01, 1.099569869206833e+00, -1.936063819278830e-01, -3.029113543014638e-01, 7.841728187390224e-01, 3.063352913877510e-04, 0.000000000000000e+00, 2.155208459696003e-01, -1.916271136890259e-01, 2.132811729590877e-01, -1.897367927967561e-01, -8.896087271291968e-01, -5.329070518200751e-15
3.017395084987962e+00, 7.444504371994237e-01, 3.432727687849011e-01, 7.214339678251916e-01, -1.048880824536921e-01, 1.093623799295676e+00, -2.028507554673823e-01, -3.134065164259061e-01, 7.742697498904126e-01, 2.959764533094547e-04, 0.000000000000000e+00, 2.254342736562880e-01, -1.989820827408156e-01, 2.117100813227075e-01, -1.869609234725957e-01, -8.830988222408412e-01, -5.107025913275720e-15
3.047395084987962e+00, 7.607030622908914e-01, 3.145733855579012e-01, 7.183861126107352e-01, -9.833397668387742e-02, 1.087395652074231e+00, -2.124122987812119e-01, -3.240542254046875e-01, 7.641704393035331e-01, 2.858747041154116e-04, 0.000000000000000e+00, 2.355436859923612e-01, -2.063062029831199e-01, 2.100665942190183e-01, -1.840765071642958e-01, -8.762769151785035e-01, -4.884981308350689e-15
3.077395084987962e+00, 7.772417092173000e-01, 2.866010510514454e-01, 7.155319810255979e-01, -9.197472836677589e-02, 1.080875845451414e+00, -2.222954219120459e-01, -3.348431836148775e-01, 7.538883941180241e-01, 2.760270337089390e-04, 0.000000000000000e+00, 2.458355788482766e-01, -2.135713014082840e-01, 2.083486254565113e-01, -1.810822389702582e-01, -8.691309509409532e-01, -4.884981308350689e-15
3.107395084987961e+00, 7.940741810569509e-01, 2.593281885439871e-01, 7.128655817750629e-01, -8.582023152321688e-02, 1.074054670308181e+00, -2.325041769235716e-01, -3.457608084681781e-01, 7.434382223503815e-01, 2.664308248294641e-04, 0.000000000000000e+00, 2.562953468247988e-01, -2.207476601047693e-01, 2.065541211105326e-01, -1.779770238264057e-01, -8.616483799476722e-01, -4.884981308350689e-15
3.137395084987961e+00, 8.112085164464299e-01, 2.327286754589162e-01, 7.103806096352151e-01, -7.988152312299698e-02, 1.066922301828829e+00, -2.430422179736555e-01, -3.567931394413738e-01, 7.328355960844423e-01, 2.570838018110573e-04, 0.000000000000000e+00, 2.669073201137560e-01, -2.278040762030393e-01, 2.046810701571093e-01, -1.747599958894663e-01, -8.538161137975474e-01, -4.662936703425657e-15
3.167395084987961e+00, 8.286529813040580e-01, 2.067777737627781e-01, 7.080704109626197e-01, -7.417079611121088e-02, 1.059468812072958e+00, -2.539127584955571e-01, -3.679247381529029e-01, 7.220972063997579e-01, 2.479839804085670e-04, 0.000000000000000e+00, 2.776548096198427e-01, -2.347079307984948e-01, 2.027275160627198e-01, -1.714305385223753e-01, -8.456204754629271e-01, -4.662936703425657e-15
3.197395084987961e+00, 8.464160584074194e-01, 1.814520649354854e-01, 7.059279488561075e-01, -6.870140943302130e-02, 1.051684183878073e+00, -2.651185252697125e-01, -3.791385808879751e-01, 7.112407103946916e-01, 2.391296189070724e-04, 0.000000000000000e+00, 2.885201599864101e-01, -2.414252658506141e-01, 2.006915693674010e-01, -1.679883048390288e-01, -8.370471433779901e-01, -4.440892098500626e-15
3.227395084987961e+00, 8.645064346011390e-01, 1.567293891356336e-01, 7.039457680740062e-01, -6.348789415244915e-02, 1.043558326189600e+00, -2.766617091500873e-01, -3.904159429354742e-01, 7.002846708023778e-01, 2.305191707527950e-04, 0.000000000000000e+00, 2.994848100268783e-01, -2.479208678575150e-01, 1.985714212937701e-01, -1.644332387594430e-01, -8.280810888500290e-01, -4.440892098500626e-15
3.257395084987960e+00, 8.829329853963069e-01, 1.325887882092742e-01, 7.021159598390015e-01, -5.854595464444845e-02, 1.035081090922460e+00, -2.885439121894445e-01, -4.017362740638539e-01, 6.892484888369080e-01, 2.221512389597522e-04, 0.000000000000000e+00, 3.105293599241414e-01, -2.541583569208091e-01, 1.963653584084882e-01, -1.607655965199216e-01, -8.187065061928570e-01, -4.440892098500626e-15
3.287395084987960e+00, 9.017047567083789e-01, 1.090104522132525e-01, 7.004301266953441e-01, -5.389246370984757e-02, 1.026242291466334e+00, -3.007660908872109e-01, -4.130770644322469e-01, 6.781523310411873e-01, 2.140245325559683e-04, 0.000000000000000e+00, 3.216336444262658e-01, -2.601002796533122e-01, 1.940717783552886e-01, -1.569859685760688e-01, -8.089067349538761e-01, -4.440892098500626e-15
3.317395084987960e+00, 9.208309434663300e-01, 8.597566914470756e-02, 6.988793476197486e-01, -4.954545031914842e-02, 1.017031722955346e+00, -3.133284952621342e-01, -4.244137002093788e-01, 6.670170510336307e-01, 2.061378253357371e-04, 0.000000000000000e+00, 3.327768111410423e-01, -2.657082042484832e-01, 1.916892066698064e-01, -1.530953018293671e-01, -7.986641735811495e-01, -4.440892098500626e-15
3.347395084987960e+00, 9.403208648127085e-01, 6.346677758679564e-02, 6.974541436284863e-01, -4.552407853333393e-02, 1.007439184432163e+00, -3.262306034298710e-01, -4.357193081594418e-01, 6.558641071652570e-01, 1.984899171802175e-04, 0.000000000000000e+00, 3.439374029175716e-01, -2.709428159319137e-01, 1.892163146759580e-01, -1.490949221004895e-01, -7.879601838552964e-01, -4.440892098500626e-15
3.377395084987960e+00, 9.601839356024926e-01, 4.146712199733238e-02, 6.961444441692718e-01, -4.184861597772366e-02, 9.974545030464435e-01, -3.394710513433828e-01, -4.469645884541484e-01, 6.447154771989017e-01, 1.910795981976243e-04, 0.000000000000000e+00, 3.550934432029092e-01, -2.757640109582475e-01, 1.866519384514116e-01, -1.449865567644643e-01, -7.767749853945746e-01, -4.218847493575595e-15
3.403132888584539e+00, 9.775295848634525e-01, 2.298694124913503e-02, 6.951047707373125e-01, -3.898718699999026e-02, 9.885681620866743e-01, -3.510983312320468e-01, -4.565399854242225e-01, 6.351712117953221e-01, 1.849104923283175e-04, 0.000000000000000e+00, 3.646438777123578e-01, -2.795397959690304e-01, 1.843782312265732e-01, -1.413774391372352e-01, -7.667794521984732e-01, -3.996802888650564e-15
3.417679885292273e+00, 9.874601804498722e-01, 1.269906351506234e-02, 6.945485911128511e-01, -3.749475749119394e-02, 9.834122406381921e-01, -3.577787405907198e-01, -4.619138148391032e-01, 6.297909182639165e-01, 1.815003475774201e-04, 0.000000000000000e+00, 3.700275813885143e-01, -2.815161239213561e-01, 1.830628347365457e-01, -1.393037102757974e-01, -7.609611774900997e-01, -4.218847493575595e-15
3.425804469907032e+00, 9.930468691485508e-01, 7.001815390053956e-03, 6.942472032124850e-01, -3.670172208367251e-02, 9.804901588871143e-01, -3.615437410469438e-01, -4.649011468241745e-01, 6.267916907495523e-01, 1.796197728920599e-04, 0.000000000000000e+00, 3.730286894775638e-01, -2.825680393538962e-01, 1.823186175890411e-01, -1.381350329691184e-01, -7.576573078262607e-01, -3.996802888650564e-15
3.430311378784264e+00, 9.961585185255195e-01, 3.856295361672535e-03, 6.940827579611947e-01, -3.627454269690172e-02, 9.788559870049975e-01, -3.636427332061903e-01, -4.665536153300143e-01, 6.251299256521919e-01, 1.785839790899596e-04, 0.000000000000000e+00, 3.746914903687262e-01, -2.831351298123301e-01, 1.819028216047663e-01, -1.374835261604097e-01, -7.558075512381570e-01, -3.996802888650564e-15
3.432801955943383e+00, 9.978819217840367e-01, 2.122573993701193e-03, 6.939927030634957e-01, -3.604241501815325e-02, 9.779488587666834e-01, -3.648058565148985e-01, -4.674652968344662e-01, 6.242122563074747e-01, 1.780138511954204e-04, 0.000000000000000e+00, 3.756097298413379e-01, -2.834434123793140e-01, 1.816721402086171e-01, -1.371225165790690e-01, -7.547801023404525e-01, -3.996802888650564e-15
3.434175364039716e+00, 9.988334576686539e-01, 1.167904741666170e-03, 6.939432892909094e-01, -3.591561549944680e-02, 9.774473904136665e-01, -3.654482220898433e-01, -4.679675704243684e-01, 6.237064175707028e-01, 1.777001483243838e-04, 0.000000000000000e+00, 3.761158822809806e-01, -2.836118480073465e-01, 1.815446565317177e-01, -1.369231438104445e-01, -7.542119191292341e-01, -3.774758283725532e-15
3.434931829383796e+00, 9.993579167318402e-01, 6.424958039654705e-04, 6.939161466660421e-01, -3.584614208447845e-02, 9.771708075773876e-01, -3.658023279291739e-01, -4.682440767089788e-01, 6.234278669923973e-01, 1.775275718172779e-04, 0.000000000000000e+00, 3.763946054357933e-01, -2.837041445463636e-01, 1.814743553317062e-01, -1.368132403954418e-01, -7.538984786328017e-01, -3.996802888650564e-15
3.435348216107265e+00, 9.996467072949788e-01, 3.534175648687299e-04, 6.939012287494098e-01, -3.580801276010728e-02, 9.770184517486390e-01, -3.659973302249396e-01, -4.683962323883896e-01, 6.232745614960442e-01, 1.774326426872198e-04, 0.000000000000000e+00, 3.765480058612765e-01, -2.837548031431837e-01, 1.814356334909629e-01, -1.367527181948063e-01, -7.537258010655209e-01, -3.996802888650564e-15
3.435577328999234e+00, 9.998056445394914e-01, 1.943932418966288e-04, 6.938930270720683e-01, -3.578706623272715e-02, 9.769345847474304e-01, -3.661046554299103e-01, -4.684799413451167e-01, 6.231902124048971e-01, 1.773804280247322e-04, 0.000000000000000e+00, 3.766324071670862e-01, -2.837826336391021e-01, 1.814143194564265e-01, -1.367194081687849e-01, -7.536307419306184e-01, -3.996802888650564e-15
3.435703371420495e+00, 9.998930910381820e-01, 1.069203925661011e-04, 6.938885171092385e-01, -3.577555309819408e-02, 9.768884363088046e-01, -3.661637066779965e-01, -4.685259883250668e-01, 6.231438110053277e-01, 1.773517088597276e-04, 0.000000000000000e+00, 3.766788372858206e-01, -2.837979307926118e-01, 1.814025915836619e-01, -1.367010807476253e-01, -7.535784332197896e-01, -3.996802888650564e-15
3.435772703930880e+00, 9.999411959988713e-01, 5.880745924247144e-05, 6.938860369197807e-01, -3.576922313178268e-02, 9.768630481336872e-01, -3.661961916389783e-01, -4.685513162970477e-01, 6.231182873920149e-01, 1.773359129861579e-04, 0.000000000000000e+00, 3.767043766950072e-01, -2.838063413138527e-01, 1.813961396938639e-01, -1.366909985758156e-01, -7.535496555026163e-01, -3.996802888650564e-15
3.435810839588755e+00, 9.999676565674070e-01, 3.234447872446644e-05, 6.938846729032982e-01, -3.576574233355542e-02, 9.768490826602908e-01, -3.662140604173086e-01, -4.685652473267474e-01, 6.231042485444824e-01, 1.773272251550382e-04, 0.000000000000000e+00, 3.767184242303708e-01, -2.838109662187347e-01, 1.813925906825155e-01, -1.366854527489017e-01, -7.535338253596977e-01, -3.996802888650564e-15
3.435831815040779e+00, 9.999822107393768e-01, 1.778957708675755e-05, 6.938839227207622e-01, -3.576382810129169e-02, 9.768414010517581e-01, -3.662238888655340e-01, -4.685729095882071e-01, 6.230965269181198e-01, 1.773224468174773e-04, 0.000000000000000e+00, 3.767261506350708e-01, -2.838135096495818e-01, 1.813906385834849e-01, -1.366824023527690e-01, -7.535251180554224e-01, -3.996802888650564e-15
3.435843351793567e+00, 9.999902157939121e-01, 9.784301819415475e-06, 6.938835101283913e-01, -3.576277533610245e-02, 9.768371759861041e-01, -3.662292946996651e-01, -4.685771238910318e-01, 6.230922799449030e-01, 1.773198187226098e-04, 0.000000000000000e+00, 3.767304002363826e-01, -2.838149084558135e-01, 1.813895648858210e-01, -1.366807245770146e-01, -7.535203288185336e-01, -3.996802888650564e-15
3.435849697084492e+00, 9.999946186525456e-01, 5.381376413371441e-06, 6.938832832050146e-01, -3.576219633417327e-02, 9.768348521452510e-01, -3.662322679651906e-01, -4.685794417754390e-01, 6.230899440858215e-01, 1.773183732676469e-04, 0.000000000000000e+00, 3.767327375409190e-01, -2.838156777748165e-01, 1.813889743390381e-01, -1.366798017828400e-01, -7.535176946718313e-01, -3.996802888650564e-15
3.435853187017761e+00, 9.999970402485828e-01, 2.959760177390081e-06, 6.938831583978915e-01, -3.576187788883731e-02, 9.768335740162215e-01, -3.662339032783979e-01, -4.685807166172632e-01, 6.230886593561236e-01, 1.773175782665748e-04, 0.000000000000000e+00, 3.767340230656182e-01, -2.838161008928791e-01, 1.813886495343545e-01, -1.366792942407471e-01, -7.535162458710540e-01, -3.996802888650564e-15
3.435855106488094e+00, 9.999983721335995e-01, 1.627869050446762e-06, 6.938830897541959e-01, -3.576170274563439e-02, 9.768328710402457e-01, -3.662348027058555e-01, -4.685814177819004e-01, 6.230879527526106e-01, 1.773171410157302e-04, 0.000000000000000e+00, 3.767347301063818e-01, -2.838163336055785e-01, 1.813884708905827e-01, -1.366790150909938e-01, -7.535154490245493e-01, -3.996802888650564e-15
3.435856162198907e+00, 9.999991046725356e-01, 8.953282659707185e-07, 6.938830520002305e-01, -3.576160641739676e-02, 9.768324844019436e-01, -3.662352973925281e-01, -4.685818034229449e-01, 6.230875641200194e-01, 1.773169005276886e-04, 0.000000000000000e+00, 3.767351189794610e-01, -2.838164615968868e-01, 1.813883726361464e-01, -1.366788615581447e-01, -7.535150107571330e-01, -3.996802888650564e-15
3.435856742840497e+00, 9.999995075696090e-01, 4.924306336029360e-07, 6.938830312355698e-01, -3.576155343702450e-02, 9.768322717504190e-01, -3.662355694706734e-01, -4.685820155256688e-01, 6.230873503718949e-01, 1.773167682592423e-04, 0.000000000000000e+00, 3.767353328598542e-01, -2.838165319919018e-01, 1.813883185960971e-01, -1.366787771149311e-01, -7.535147697094977e-01, -4.218847493575595e-15
3.435857062193567e+00, 9.999997291631986e-01, 2.708368747050827e-07, 6.938830198150127e-01, -3.576152429786775e-02, 9.768321547919417e-01, -3.662357191137970e-01, -4.685821321822123e-01, 6.230872328103659e-01, 1.773166955115898e-04, 0.000000000000000e+00, 3.767354504941305e-01, -2.838165707090983e-01, 1.813882888740368e-01, -1.366787306711192e-01, -7.535146371331304e-01, -3.996802888650564e-15
3.435857237837814e+00, 9.999998510397331e-01, 1.489602889925834e-07, 6.938830135337081e-01, -3.576150827134603e-02, 9.768320904647373e-01, -3.662358014175585e-01, -4.685821963433249e-01, 6.230871681515068e-01, 1.773166555003788e-04, 0.000000000000000e+00, 3.767355151930008e-01, -2.838165920035376e-01, 1.813882725268936e-01, -1.366787051270093e-01, -7.535145642160773e-01, -3.996802888650564e-15
3.435857337837814e+00, 9.999999204280263e-01, 7.957198011609989e-08, 6.938830099575577e-01, -3.576149914693072e-02, 9.768320538411548e-01, -3.662358482757799e-01, -4.685822328723368e-01, 6.230871313391100e-01, 1.773166327206947e-04, 0.000000000000000e+00, 3.767355520281773e-01, -2.838166041271484e-01, 1.813882632199303e-01, -1.366786905839126e-01, -7.535145227020118e-01, -3.996802888650564e-15
3.435857437837813e+00, 9.999999898163240e-01, 1.018367612459770e-08, 6.938830063814082e-01, -3.576149002251988e-02, 9.768320172175676e-01, -3.662358951340051e-01, -4.685822694013470e-01, 6.230870945267141e-01, 1.773166099410132e-04, 0.000000000000000e+00, 3.767355888633530e-01, -2.838166162507532e-01, 1.813882539129659e-01, -1.366786760408149e-01, -7.535144811879403e-01, -3.996802888650564e-15
3.435857452514172e+00, 1.000000000000000e+00, 0.000000000000000e+00, 6.938830058565598e-01, -3.576148868338905e-02, 9.768320118425581e-01, -3.662359020110866e-01, -4.685822747624755e-01, 6.230870891239947e-01, 1.773166065977855e-04, 0.000000000000000e+00, 3.767355942694153e-01, -2.838166180300565e-01, 1.813882525470423e-01, -1.366786739064176e-01, -7.535144750951858e-01, -3.774758283725532e-15
