0.000000000000000e+00, 9.999000099990002e-05, 1.000000000000000e+04, 7.493176866448019e+01, -4.899448430180499e+03, 0.000000000000000e+00, 0.000000000000000e+00, 0.000000000000000e+00, 2.547999404104363e-01, 7.452000595889693e-01, 0.000000000000000e+00, 5.945286804780609e-13, 2.484000198623952e-01, 3.338809434381239e-01, -3.338809434381239e-01, -1.000000000000000e+00, 0.000000000000000e+00
1.000000000000000e-07, 9.999075024302001e-05, 9.999925061263917e+03, 7.493127872304039e+01, -4.899380366056387e+03, 0.000000000000000e+00, 0.000000000000000e+00, 0.000000000000000e+00, 2.548013631898240e-01, 7.451986368095811e-01, 0.000000000000000e+00, 5.945453651782444e-13, 2.483995456025992e-01, 3.338809434381239e-01, -3.338809434381239e-01, -1.000000000000000e+00, 2.220446049250313e-16
6.000000000000000e-07, 9.999449646934872e-05, 9.999550383355645e+03, 7.492882911793366e+01, -4.899040066808313e+03, 0.000000000000000e+00, 0.000000000000000e+00, 0.000000000000000e+00, 2.548084770256434e-01, 7.451915229737620e-01, 0.000000000000000e+00, 5.946287939712542e-13, 2.483971743239927e-01, 3.338809434381239e-01, -3.338809434381239e-01, -1.000000000000000e+00, 0.000000000000000e+00
3.100000000000000e-06, 1.000132278692111e-04, 9.997677388032274e+03, 7.491658364415468e+01, -4.897339104725937e+03, 0.000000000000000e+00, 0.000000000000000e+00, 0.000000000000000e+00, 2.548440446768043e-01, 7.451559553226004e-01, 0.000000000000000e+00, 5.950460702581171e-13, 2.483853184402718e-01, 3.338809434381239e-01, -3.338809434381239e-01, -1.000000000000000e+00, 1.110223024625157e-16
1.560000000000000e-05, 1.001068915739915e-04, 9.988322256209254e+03, 7.485542000020044e+01, -4.888847629024349e+03, 0.000000000000000e+00, 0.000000000000000e+00, 0.000000000000000e+00, 2.550218447417573e-01, 7.449781552576455e-01, 0.000000000000000e+00, 5.971357621791690e-13, 2.483260517519514e-01, 3.338809434381239e-01, -3.338809434381239e-01, -1.000000000000000e+00, 0.000000000000000e+00
7.810000000000000e-05, 1.005753777346125e-04, 9.941791392130714e+03, 7.455118633479714e+01, -4.846721229596740e+03, 0.000000000000000e+00, 0.000000000000000e+00, 0.000000000000000e+00, 2.559098912361944e-01, 7.440901087631980e-01, 0.000000000000000e+00, 6.076672895768396e-13, 2.480300362537916e-01, 3.338809434381239e-01, -3.338809434381239e-01, -1.000000000000000e+00, 0.000000000000000e+00
3.906000000000000e-04, 1.029219994556862e-04, 9.715095735494891e+03, 7.306858911076510e+01, -4.644074967149474e+03, 0.000000000000000e+00, 0.000000000000000e+00, 0.000000000000000e+00, 2.603263950268489e-01, 7.396736049724886e-01, 0.000000000000000e+00, 6.624401061119351e-13, 2.465578683235004e-01, 3.338809434381239e-01, -3.338809434381239e-01, -1.000000000000000e+00, 0.000000000000000e+00
1.953100000000000e-03, 1.147598810102558e-04, 8.712846609083119e+03, 6.650515000537405e+01, -3.799677098514509e+03, 0.000000000000000e+00, 0.000000000000000e+00, 0.000000000000000e+00, 2.818299983708896e-01, 7.181700016284188e-01, 0.000000000000000e+00, 9.941713781921465e-13, 2.393900005417396e-01, 3.338809434381239e-01, -3.338809434381239e-01, -1.000000000000000e+00, -1.512123759539463e-13
4.318372724097953e-03, 1.330120074529488e-04, 7.517118244728668e+03, 5.865109009440351e+01, -2.902216961803719e+03, 0.000000000000000e+00, 0.000000000000000e+00, 0.000000000000000e+00, 3.126402126374908e-01, 6.873597873653926e-01, 0.000000000000000e+00, 1.717201073388844e-12, 2.291199291190262e-01, 3.338809434381239e-01, -3.338809434381239e-01, -1.000000000000000e+00, -2.300382107023324e-12
7.154068689897625e-03, 1.554216926144633e-04, 6.433108284231500e+03, 5.149939015618914e+01, -2.191987591428502e+03, 0.000000000000000e+00, 0.000000000000000e+00, 0.000000000000000e+00, 3.470340233745070e-01, 6.529659766336874e-01, 0.000000000000000e+00, 3.040960143842765e-12, 2.176553255390761e-01, 3.338809434381239e-01, -3.338809434381239e-01, -1.000000000000000e+00, -5.617506459998367e-12
1.044442155023300e-02, 1.821452595181247e-04, 5.489123666383386e+03, 4.523568110853898e+01, -1.653585750112415e+03, 0.000000000000000e+00, 0.000000000000000e+00, 0.000000000000000e+00, 3.838024313688648e-01, 6.161975686444980e-01, 0.000000000000000e+00, 5.413337569691221e-12, 2.053991895388961e-01, 3.338809434381239e-01, -3.338809434381239e-01, -1.000000000000000e+00, -9.388045896230324e-12
1.424740911449083e-02, 2.139970647972795e-04, 4.671961290134073e+03, 3.977378647021749e+01, -1.247720533892374e+03, 0.000000000000000e+00, 0.000000000000000e+00, 0.000000000000000e+00, 4.225578458337381e-01, 5.774421541835727e-01, 0.000000000000000e+00, 9.665256621518974e-12, 1.924807180463333e-01, 3.338809434381239e-01, -3.338809434381239e-01, -1.000000000000000e+00, -1.348787748156610e-11
1.864216726430517e-02, 2.520936459132275e-04, 3.965779870144793e+03, 3.501004003958683e+01, -9.419789733408542e+02, 0.000000000000000e+00, 0.000000000000000e+00, 0.000000000000000e+00, 4.629570989591751e-01, 5.370429010592878e-01, 0.000000000000000e+00, 1.731132124880609e-11, 1.790143003293805e-01, 3.338809434381239e-01, -3.338809434381239e-01, -1.000000000000000e+00, -1.788702519434082e-11
2.372250254476912e-02, 2.978547361172062e-04, 3.356341276609746e+03, 3.085121202998767e+01, -7.116634488719739e+02, 0.000000000000000e+00, 0.000000000000000e+00, 0.000000000000000e+00, 5.045902923176283e-01, 4.954097076963691e-01, 0.000000000000000e+00, 3.112118972306820e-11, 1.651365691935511e-01, 3.338809434381239e-01, -3.338809434381239e-01, -1.000000000000000e+00, -2.255928777117333e-11
2.959790892113209e-02, 3.530794364457655e-04, 2.831223847603213e+03, 2.721602298889971e+01, -5.381370965695996e+02, 0.000000000000000e+00, 0.000000000000000e+00, 0.000000000000000e+00, 5.469732798798801e-01, 4.530267201188689e-01, 0.000000000000000e+00, 5.619363875536718e-11, 1.510089066417991e-01, 3.338809434381239e-01, -3.338809434381239e-01, -1.000000000000000e+00, -2.747135852132487e-11
3.639604204727082e-02, 4.200582898090646e-04, 2.379621985711899e+03, 2.403393713720921e+01, -4.073561466882745e+02, 0.000000000000000e+00, 0.000000000000000e+00, 0.000000000000000e+00, 5.895606112374058e-01, 4.104393887257657e-01, 0.000000000000000e+00, 1.019907792486553e-10, 1.368131294643494e-01, 3.338809434381239e-01, -3.338809434381239e-01, -1.000000000000000e+00, -3.258104896985969e-11
4.426581863552025e-02, 5.017237281105460e-04, 1.992128775802423e+03, 2.124384338420105e+01, -3.087423458921778e+02, 0.000000000000000e+00, 0.000000000000000e+00, 0.000000000000000e+00, 6.317671489672780e-01, 3.682328509221689e-01, 0.000000000000000e+00, 1.862321818309267e-10, 1.227442834452016e-01, 3.338809434381239e-01, -3.338809434381239e-01, -1.000000000000000e+00, -3.783950930369429e-11
5.338109683351619e-02, 6.018507333580945e-04, 1.660541549381167e+03, 1.879288326695377e+01, -2.343307019392381e+02, 0.000000000000000e+00, 0.000000000000000e+00, 0.000000000000000e+00, 6.729956170403016e-01, 3.270043827036466e-01, 0.000000000000000e+00, 3.424383437551627e-10, 1.090014605493609e-01, 3.338809434381239e-01, -3.338809434381239e-01, -1.000000000000000e+00, -4.319322677304172e-11
6.394501248222752e-02, 7.253249762074845e-04, 1.377692355568275e+03, 1.663543244838170e+01, -1.781266416747886e+02, 0.000000000000000e+00, 0.000000000000000e+00, 0.000000000000000e+00, 7.126676403254468e-01, 2.873323591369975e-01, 0.000000000000000e+00, 6.347295341950047e-10, 9.577745240162922e-02, 3.338809434381239e-01, -3.338809434381239e-01, -1.000000000000000e+00, -4.858691227127565e-11
7.619508928366611e-02, 8.785022397666772e-04, 1.137301025010012e+03, 1.473221217460476e+01, -1.356210942400884e+02, 0.000000000000000e+00, 0.000000000000000e+00, 0.000000000000000e+00, 7.502552776021458e-01, 2.497447213185396e-01, 0.000000000000000e+00, 1.187248004255956e-09, 8.324823924327991e-02, 3.338809434381239e-01, -3.338809434381239e-01, -1.000000000000000e+00, -5.396660895939931e-11
9.040924924281339e-02, 1.069691437063957e-03, 9.338490278138127e+02, 1.304951008125281e+01, -1.034246358923515e+02, 0.000000000000000e+00, 0.000000000000000e+00, 0.000000000000000e+00, 7.853096396109968e-01, 2.146903582641020e-01, 0.000000000000000e+00, 2.243469946385039e-09, 7.156345050274554e-02, 3.338809434381239e-01, -3.338809434381239e-01, -1.000000000000000e+00, -5.928435520274888e-11
1.069128832152718e-01, 1.309805455070358e-03, 7.624721600287455e+02, 1.155848875990443e+01, -7.899131502979228e+01, 0.000000000000000e+00, 0.000000000000000e+00, 0.000000000000000e+00, 8.174834277503815e-01, 1.825165680911290e-01, 0.000000000000000e+00, 4.287489916686310e-09, 6.083885173503816e-02, 3.338809434381239e-01, -3.338809434381239e-01, -1.000000000000000e+00, -6.450018297243787e-11
1.260871389394567e-01, 1.613239796146176e-03, 6.188706493534764e+02, 1.023456670863451e+01, -6.041010578789242e+01, 0.000000000000000e+00, 0.000000000000000e+00, 0.000000000000000e+00, 8.465449302366049e-01, 1.534550616069132e-01, 0.000000000000000e+00, 8.295652731961851e-09, 5.115167889953284e-02, 3.338809434381239e-01, -3.338809434381239e-01, -1.000000000000000e+00, -6.958544851443094e-11
1.483786017171018e-01, 1.999060629776711e-03, 4.992349529097058e+02, 9.056857508010532e+00, -4.624736025111397e+01, 0.000000000000000e+00, 0.000000000000000e+00, 0.000000000000000e+00, 8.723822608906797e-01, 1.276177229920792e-01, 0.000000000000000e+00, 1.626628937803070e-08, 4.253922472472997e-02, 3.338809434381239e-01, -3.338809434381239e-01, -1.000000000000000e+00, -7.452416461717348e-11
1.743105279806563e-01, 2.492612554446098e-03, 4.001854943987544e+02, 8.007657853279895e+00, -3.542778766452718e+01, 0.000000000000000e+00, 0.000000000000000e+00, 0.000000000000000e+00, 8.949980042841494e-01, 1.050019635232973e-01, 0.000000000000000e+00, 3.235118334936033e-08, 3.500062215103026e-02, 3.338809434381239e-01, -3.338809434381239e-01, -1.000000000000000e+00, -7.931499901303596e-11
2.043105279806563e-01, 3.123598465273769e-03, 3.191435815510156e+02, 7.077010438020713e+00, -2.718580055835136e+01, 0.000000000000000e+00, 0.000000000000000e+00, 0.000000000000000e+00, 9.143932028286837e-01, 8.560673229567715e-02, 0.000000000000000e+00, 6.504326914463794e-08, 2.853551238383983e-02, 3.338809434381239e-01, -3.338809434381239e-01, -1.000000000000000e+00, -8.381495497644664e-11
2.343105279806563e-01, 3.818956894925208e-03, 2.608516070000272e+02, 6.350291572333234e+00, -2.159725712750798e+01, 0.000000000000000e+00, 0.000000000000000e+00, 0.000000000000000e+00, 9.288717891819169e-01, 7.112809023813156e-02, 0.000000000000000e+00, 1.207518553340695e-07, 2.370924265677947e-02, 3.338809434381239e-01, -3.338809434381239e-01, -1.000000000000000e+00, -8.595191225424514e-11
2.643105279806564e-01, 4.578687858792575e-03, 2.174031824924850e+02, 5.765241503248948e+00, -1.761670796669373e+01, 0.000000000000000e+00, 0.000000000000000e+00, 0.000000000000000e+00, 9.399652879398808e-01, 6.003450164416480e-02, 0.000000000000000e+00, 2.105904624443723e-07, 2.001128995410036e-02, 3.338809434381239e-01, -3.338809434381239e-01, -1.000000000000000e+00, -8.725398181752553e-11
2.943105279806564e-01, 5.402791381406211e-03, 1.840895082570679e+02, 5.283008681572031e+00, -1.467163416186661e+01, 0.000000000000000e+00, 0.000000000000000e+00, 0.000000000000000e+00, 9.486521930016111e-01, 5.134745798184134e-02, 0.000000000000000e+00, 3.491928801338255e-07, 1.711547013138230e-02, 3.338809434381239e-01, -3.338809434381239e-01, -1.000000000000000e+00, -8.816614105455756e-11
3.243105279806564e-01, 6.291267500265151e-03, 1.579504817523423e+02, 4.877991245419684e+00, -1.242583895512238e+01, 0.000000000000000e+00, 0.000000000000000e+00, 0.000000000000000e+00, 9.555813775139358e-01, 4.441806728931704e-02, 0.000000000000000e+00, 5.553744572922975e-07, 1.480546705268397e-02, 3.338809434381239e-01, -3.338809434381239e-01, -1.000000000000000e+00, -8.885492341903500e-11
3.543105279806564e-01, 7.244116270752323e-03, 1.370430631735494e+02, 4.532575511891498e+00, -1.067067563705915e+01, 0.000000000000000e+00, 0.000000000000000e+00, 0.000000000000000e+00, 9.611968827221118e-01, 3.880226460725981e-02, 0.000000000000000e+00, 8.528494238168569e-07, 1.293323535068372e-02, 3.338809434381239e-01, -3.338809434381239e-01, -1.000000000000000e+00, -8.939760043347178e-11
3.843105279806565e-01, 8.261337772317372e-03, 1.200457709828625e+02, 4.234212948724596e+00, -9.270714952658800e+00, 0.000000000000000e+00, 0.000000000000000e+00, 0.000000000000000e+00, 9.658108749310115e-01, 3.418785424442557e-02, 0.000000000000000e+00, 1.271004236722037e-06, 1.139468040852448e-02, 3.338809434381239e-01, -3.338809434381239e-01, -1.000000000000000e+00, -8.983680466201349e-11
4.143105279806565e-01, 9.342932116125821e-03, 1.060327802418695e+02, 3.973701895277158e+00, -8.134728857964623e+00, 0.000000000000000e+00, 0.000000000000000e+00, 0.000000000000000e+00, 9.696479906032813e-01, 3.035016385017426e-02, 0.000000000000000e+00, 1.845726942486668e-06, 1.011487555462423e-02, 3.338809434381239e-01, -3.338809434381239e-01, -1.000000000000000e+00, -9.019895941264622e-11
4.443105279806565e-01, 1.048889945438800e-02, 9.433888701561084e+01, 3.744129381061299e+00, -7.199317464436238e+00, 0.000000000000000e+00, 0.000000000000000e+00, 0.000000000000000e+00, 9.728732101341421e-01, 2.712416975431598e-02, 0.000000000000000e+00, 2.620292545330284e-06, 9.038769623923946e-03, 3.338809434381239e-01, -3.338809434381239e-01, -1.000000000000000e+00, -9.050160620915904e-11
4.743105279806565e-01, 1.169923999159576e-02, 8.447563779513523e+01, 3.540193555043323e+00, -6.419234016961235e+00, 0.000000000000000e+00, 0.000000000000000e+00, 0.000000000000000e+00, 9.756098984801477e-01, 2.438645539700093e-02, 0.000000000000000e+00, 3.646304367685633e-06, 8.125172159824440e-03, 3.338809434381239e-01, -3.338809434381239e-01, -1.000000000000000e+00, -9.075806772784745e-11
5.043105279806566e-01, 1.297395399790928e-02, 7.607750468061988e+01, 3.357755213817137e+00, -5.761439154654379e+00, 0.000000000000000e+00, 0.000000000000000e+00, 0.000000000000000e+00, 9.779517860024481e-01, 2.204322948812098e-02, 0.000000000000000e+00, 4.984691384467477e-06, 7.342758469986482e-03, 3.338809434381239e-01, -3.338809434381239e-01, -1.000000000000000e+00, -9.097678166369860e-11
5.343105279806566e-01, 1.431304182495107e-02, 6.886635071915737e+01, 3.193532386635465e+00, -5.201321570417170e+00, 0.000000000000000e+00, 0.000000000000000e+00, 0.000000000000000e+00, 9.799711087202496e-01, 2.002218470057412e-02, 0.000000000000000e+00, 6.706761506689291e-06, 6.667354804135691e-03, 3.338809434381239e-01, -3.338809434381239e-01, -1.000000000000000e+00, -9.116507548867503e-11
5.643105279806566e-01, 1.571650392427822e-02, 6.262738207033691e+01, 3.044887128568541e+00, -4.720224181129170e+00, 0.000000000000000e+00, 0.000000000000000e+00, 0.000000000000000e+00, 9.817242530257355e-01, 1.826685184613962e-02, 0.000000000000000e+00, 8.895310782337357e-06, 6.080055303486968e-03, 3.338809434381239e-01, -3.338809434381239e-01, -1.000000000000000e+00, -9.132872236250478e-11
5.943105279806566e-01, 1.718434086881891e-02, 5.719251419846462e+01, 2.909673414769607e+00, -4.303782612211948e+00, 0.000000000000000e+00, 0.000000000000000e+00, 0.000000000000000e+00, 9.832557422577106e-01, 1.673261213675928e-02, 0.000000000000000e+00, 1.164578847291767e-05, 5.565891589428602e-03, 3.338809434381239e-01, -3.338809434381239e-01, -1.000000000000000e+00, -9.147127499886665e-11
6.243105279806567e-01, 1.871655337757324e-02, 5.242864040332508e+01, 2.786126521295179e+00, -3.940783565281443e+00, 0.000000000000000e+00, 0.000000000000000e+00, 0.000000000000000e+00, 9.846010991713001e-01, 1.538383349394091e-02, 0.000000000000000e+00, 1.506751795244569e-05, 5.112876979091210e-03, 3.338809434381239e-01, -3.338809434381239e-01, -1.000000000000000e+00, -9.159673020064929e-11
6.543105279806567e-01, 2.031314234389330e-02, 4.822921245124972e+01, 2.672781189635212e+00, -3.622364333332188e+00, 0.000000000000000e+00, 0.000000000000000e+00, 0.000000000000000e+00, 9.857889323494148e-01, 1.419178286063847e-02, 0.000000000000000e+00, 1.928497336151718e-05, 4.711309312653848e-03, 3.338809434381239e-01, -3.338809434381239e-01, -1.000000000000000e+00, -9.170730841390196e-11
6.843105279806567e-01, 2.197410886767137e-02, 4.450810255933584e+01, 2.568410150489703e+00, -3.341441229707677e+00, 0.000000000000000e+00, 0.000000000000000e+00, 0.000000000000000e+00, 9.868424778943050e-01, 1.313308317737367e-02, 0.000000000000000e+00, 2.443911193210684e-05, 4.353255279726477e-03, 3.338809434381239e-01, -3.338809434381239e-01, -1.000000000000000e+00, -9.180545212927882e-11
7.143105279806568e-01, 2.369945429178026e-02, 4.119506439634909e+01, 2.471977299636098e+00, -3.092294731627101e+00, 0.000000000000000e+00, 0.000000000000000e+00, 0.000000000000000e+00, 9.877807529466667e-01, 1.218855847524029e-02, 0.000000000000000e+00, 3.068876187848239e-05, 4.032164062460560e-03, 3.338809434381239e-01, -3.338809434381239e-01, -1.000000000000000e+00, -9.189271565901436e-11
7.443105279806568e-01, 2.548918024312374e-02, 3.823233271771350e+01, 2.382601584833523e+00, -2.870263871169825e+00, 0.000000000000000e+00, 0.000000000000000e+00, 0.000000000000000e+00, 9.886194287209891e-01, 1.134235939722672e-02, 0.000000000000000e+00, 3.821206572564616e-05, 3.742574399328181e-03, 3.338809434381239e-01, -3.338809434381239e-01, -1.000000000000000e+00, -9.197065331534304e-11
7.743105279806568e-01, 2.734328867866996e-02, 3.557204558499517e+01, 2.299528834718072e+00, -2.671518045915251e+00, 0.000000000000000e+00, 0.000000000000000e+00, 0.000000000000000e+00, 9.893714982609666e-01, 1.058129394419629e-02, 0.000000000000000e+00, 4.720797891853943e-05, 3.479890001839641e-03, 3.338809434381239e-01, -3.338809434381239e-01, -1.000000000000000e+00, -9.204059736589443e-11
8.043105279806568e-01, 2.926178193685515e-02, 3.317426874952212e+01, 2.222109553219546e+00, -2.492884522282340e+00, 0.000000000000000e+00, 0.000000000000000e+00, 0.000000000000000e+00, 9.900477921679733e-01, 9.894310192711440e-03, 0.000000000000000e+00, 5.789782352233854e-05, 3.240205573451272e-03, 3.338809434381239e-01, -3.338809434381239e-01, -1.000000000000000e+00, -9.210343598908821e-11
8.343105279806569e-01, 3.124466279475953e-02, 3.100546623174706e+01, 2.149781248306295e+00, -2.331716555281805e+00, 0.000000000000000e+00, 0.000000000000000e+00, 0.000000000000000e+00, 9.906573804996431e-01, 9.272092787891489e-03, 0.000000000000000e+00, 7.052689678596845e-05, 3.020170698621181e-03, 3.338809434381239e-01, -3.338809434381239e-01, -1.000000000000000e+00, -9.216027940794902e-11
8.643105279806569e-01, 3.329193453147195e-02, 2.903730525345914e+01, 2.082054244948513e+00, -2.185791505227124e+00, 0.000000000000000e+00, 0.000000000000000e+00, 0.000000000000000e+00, 9.912078885649326e-01, 8.706745485193707e-03, 0.000000000000000e+00, 8.536613429684743e-05, 2.816882360248223e-03, 3.338809434381239e-01, -3.338809434381239e-01, -1.000000000000000e+00, -9.221157171168670e-11
8.943105279806569e-01, 3.540360099807470e-02, 2.724571432873118e+01, 2.018500202395366e+00, -2.053231367342373e+00, 0.000000000000000e+00, 0.000000000000000e+00, 0.000000000000000e+00, 9.917057469661144e-01, 8.191539390997451e-03, 0.000000000000000e+00, 1.027138274041995e-04, 2.627799302443412e-03, 3.338809434381239e-01, -3.338809434381239e-01, -1.000000000000000e+00, -9.225797903411603e-11
9.243105279806569e-01, 3.757966669469449e-02, 2.561013489353753e+01, 1.958742750013864e+00, -1.932440228555492e+00, 0.000000000000000e+00, 0.000000000000000e+00, 0.000000000000000e+00, 9.921563909797335e-01, 7.720711810336373e-03, 0.000000000000000e+00, 1.228973945303303e-04, 2.450673208462732e-03, 3.338809434381239e-01, -3.338809434381239e-01, -1.000000000000000e+00, -9.230016750905179e-11
9.543105279806570e-01, 3.982013685508044e-02, 2.411292222925686e+01, 1.902449797168845e+00, -1.822054636473027e+00, 0.000000000000000e+00, 0.000000000000000e+00, 0.000000000000000e+00, 9.925644205776939e-01, 7.289304401058836e-03, 0.000000000000000e+00, 1.462752059233063e-04, 2.283492927341267e-03, 3.338809434381239e-01, -3.338809434381239e-01, -1.000000000000000e+00, -9.233791509188904e-11
9.843105279806570e-01, 4.212501753918504e-02, 2.273886251963674e+01, 1.849327176536530e+00, -1.720903909586694e+00, 0.000000000000000e+00, 0.000000000000000e+00, 0.000000000000000e+00, 9.929337296280587e-01, 6.893032095356424e-03, 0.000000000000000e+00, 1.732384613297198e-04, 2.124438903396609e-03, 3.338809434381239e-01, -3.338809434381239e-01, -1.000000000000000e+00, -9.237233200565242e-11
1.014310527980657e+00, 4.449431573423888e-02, 2.147478095793007e+01, 1.799113357514013e+00, -1.627978167790933e+00, 0.000000000000000e+00, 0.000000000000000e+00, 0.000000000000000e+00, 9.932676107835787e-01, 6.528176281245981e-03, 0.000000000000000e+00, 2.042131199818109e-04, 1.971845640069106e-03, 3.338809434381239e-01, -3.338809434381239e-01, -1.000000000000000e+00, -9.240319620573700e-11
1.044310527980657e+00, 4.692803946482524e-02, 2.030922176600935e+01, 1.751575024415341e+00, -1.542402407094630e+00, 0.000000000000000e+00, 0.000000000000000e+00, 0.000000000000000e+00, 9.935688410576522e-01, 6.191497245012379e-03, 0.000000000000000e+00, 2.396618821982770e-04, 1.824170532468628e-03, 3.338809434381239e-01, -3.338809434381239e-01, -1.000000000000000e+00, -9.243139587056248e-11
1.074310527980657e+00, 4.942619791247577e-02, 1.923218540440449e+01, 1.706503358126977e+00, -1.463415342257318e+00, 0.000000000000000e+00, 0.000000000000000e+00, 0.000000000000000e+00, 9.938397519578089e-01, 5.880162005312489e-03, 0.000000000000000e+00, 2.800862217916760e-04, 1.679967779668506e-03, 3.338809434381239e-01, -3.338809434381239e-01, -1.000000000000000e+00, -9.245648691091901e-11
1.104310527980657e+00, 5.198880154532407e-02, 1.823491156317953e+01, 1.663710893520679e+00, -1.390352037394809e+00, 0.000000000000000e+00, 0.000000000000000e+00, 0.000000000000000e+00, 9.940822871939645e-01, 5.591684522637359e-03, 0.000000000000000e+00, 3.260284683564538e-04, 1.537866372238225e-03, 3.338809434381239e-01, -3.338809434381239e-01, -1.000000000000000e+00, -9.247913546062136e-11
1.134310527980657e+00, 5.461586225836956e-02, 1.730969902606923e+01, 1.623028850838309e+00, -1.322629566193384e+00, 0.000000000000000e+00, 0.000000000000000e+00, 0.000000000000000e+00, 9.942980503297268e-01, 5.323875916892296e-03, 0.000000000000000e+00, 3.780739383792511e-04, 1.396551366993155e-03, 3.338809434381239e-01, -3.338809434381239e-01, -1.000000000000000e+00, -9.249911947506462e-11
1.164310527980657e+00, 5.730739352491970e-02, 1.644975540660661e+01, 1.584304859390906e+00, -1.259735110508975e+00, 0.000000000000000e+00, 0.000000000000000e+00, 0.000000000000000e+00, 9.944883442477066e-01, 5.074802823360922e-03, 0.000000000000000e+00, 4.368531139661932e-04, 1.254747826921943e-03, 3.338809434381239e-01, -3.338809434381239e-01, -1.000000000000000e+00, -9.251688304345862e-11
1.194310527980657e+00, 6.006341055979514e-02, 1.564907121790007e+01, 1.547401007659164e+00, -1.201216033209492e+00, 0.000000000000000e+00, 0.000000000000000e+00, 0.000000000000000e+00, 9.946542039159390e-01, 4.842752401306528e-03, 0.000000000000000e+00, 5.030438678192270e-04, 1.111206932410637e-03, 3.338809434381239e-01, -3.338809434381239e-01, -1.000000000000000e+00, -9.253220412119845e-11
1.224310527980657e+00, 6.288393049489795e-02, 1.490231386826455e+01, 1.512192166282428e+00, -1.146671558480517e+00, 0.000000000000000e+00, 0.000000000000000e+00, 0.000000000000000e+00, 9.947964236443888e-01, 4.626202807788330e-03, 0.000000000000000e+00, 5.773737329140445e-04, 9.646938695035088e-04, 3.338809434381239e-01, -3.338809434381239e-01, -1.000000000000000e+00, -9.254552679749395e-11
1.254310527980657e+00, 6.576897256776063e-02, 1.420473805440274e+01, 1.478564540251804e+00, -1.095745767944533e+00, 0.000000000000000e+00, 0.000000000000000e+00, 0.000000000000000e+00, 9.949155797874859e-01, 4.423798182493049e-03, 0.000000000000000e+00, 6.606222151345427e-04, 8.139771788791290e-04, 3.338809434381239e-01, -3.338809434381239e-01, -1.000000000000000e+00, -9.255662902774020e-11
1.284310527980657e+00, 6.871855832370971e-02, 1.355210971233332e+01, 1.446414414460600e+00, -1.048121679313392e+00, 0.000000000000000e+00, 0.000000000000000e+00, 0.000000000000000e+00, 9.950120496654324e-01, 4.234327372797053e-03, 0.000000000000000e+00, 7.536231469018388e-04, 6.578193105753959e-04, 3.338809434381239e-01, -3.338809434381239e-01, -1.000000000000000e+00, -9.256551081193720e-11
1.314310527980657e+00, 7.173271183229582e-02, 1.294064122848030e+01, 1.415647063051462e+00, -1.003516219934814e+00, 0.000000000000000e+00, 0.000000000000000e+00, 0.000000000000000e+00, 9.950860273322104e-01, 4.056705773336553e-03, 0.000000000000000e+00, 8.572670795983273e-04, 4.949681780888825e-04, 3.338809434381239e-01, -3.338809434381239e-01, -1.000000000000000e+00, -9.257261623929480e-11
1.344310527980657e+00, 7.481145991865930e-02, 1.236693604278376e+01, 1.386175798068872e+00, -9.616759435008682e-01, 0.000000000000000e+00, 0.000000000000000e+00, 0.000000000000000e+00, 9.951375367031129e-01, 3.889959769714008e-03, 0.000000000000000e+00, 9.725037123277893e-04, 3.241495441835288e-04, 3.338809434381239e-01, -3.338809434381239e-01, -1.000000000000000e+00, -9.257727917599823e-11
1.374310527980657e+00, 7.795483241051919e-02, 1.182794111767035e+01, 1.357921137035037e+00, -9.223733666001915e-01, 0.000000000000000e+00, 0.000000000000000e+00, 0.000000000000000e+00, 9.951664424627229e-01, 3.733213368167207e-03, 0.000000000000000e+00, 1.100344354269840e-03, 1.440601017592211e-04, 3.338809434381239e-01, -3.338809434381239e-01, -1.000000000000000e+00, -9.257994371125733e-11
1.404310527980657e+00, 8.116286240149197e-02, 1.132090602045619e+01, 1.330810072414853e+00, -8.854038244047094e-01, 0.000000000000000e+00, 0.000000000000000e+00, 0.000000000000000e+00, 9.951724591004970e-01, 3.585676667084496e-03, 0.000000000000000e+00, 1.241864417579630e-03, -4.663886187616289e-05, 3.338809434381239e-01, -3.338809434381239e-01, -1.000000000000000e+00, -9.258060984507210e-11
1.434310527980657e+00, 8.443558653146591e-02, 1.084334758694829e+01, 1.304775428675654e+00, -8.505827628667143e-01, 0.000000000000000e+00, 0.000000000000000e+00, 0.000000000000000e+00, 9.951551583616917e-01, 3.446635886015997e-03, 0.000000000000000e+00, 1.398205937450360e-03, -2.493273087321960e-04, 3.338809434381239e-01, -3.338809434381239e-01, -1.000000000000000e+00, -9.257905553283763e-11
1.464310527980657e+00, 8.777304528477696e-02, 1.039301931197135e+01, 1.279755294900278e+00, -8.177433993415816e-01, 0.000000000000000e+00, 0.000000000000000e+00, 0.000000000000000e+00, 9.951139753532725e-01, 3.315444716282212e-03, 0.000000000000000e+00, 1.570580115595446e-03, -4.654318767485342e-04, 3.338809434381239e-01, -3.338809434381239e-01, -1.000000000000000e+00, -9.257505872994898e-11
1.494310527980657e+00, 9.117528330695307e-02, 9.967884757027560e+00, 1.255692522772119e+00, -7.867346952965276e-01, 0.000000000000000e+00, 0.000000000000000e+00, 0.000000000000000e+00, 9.950482135053896e-01, 3.191516796730577e-03, 0.000000000000000e+00, 1.760269883017709e-03, -6.964309506452478e-04, 3.338809434381239e-01, -3.338809434381239e-01, -1.000000000000000e+00, -9.256884148101108e-11
1.524310527980657e+00, 9.464234974081530e-02, 9.566094383101962e+00, 1.232534281293153e+00, -7.574195942973809e-01, 0.000000000000000e+00, 0.000000000000000e+00, 0.000000000000000e+00, 9.949570485571637e-01, 3.074319150443766e-03, 0.000000000000000e+00, 1.968632477513412e-03, -9.438594271907618e-04, 3.338809434381239e-01, -3.338809434381239e-01, -1.000000000000000e+00, -9.256040378602393e-11
1.554310527980657e+00, 9.817429858274680e-02, 9.185965313081855e+00, 1.210231660879717e+00, -7.296734862345919e-01, 0.000000000000000e+00, 0.000000000000000e+00, 0.000000000000000e+00, 9.948395317095126e-01, 2.963366444678705e-03, 0.000000000000000e+00, 2.197102030908044e-03, -1.209313215791300e-03, 3.338809434381239e-01, -3.338809434381239e-01, -1.000000000000000e+00, -9.254952360038260e-11
1.584310527980658e+00, 1.017711890599644e-01, 8.825963607547049e+00, 1.188739320553386e+00, -7.033828651092339e-01, 0.000000000000000e+00, 0.000000000000000e+00, 0.000000000000000e+00, 9.946945920664042e-01, 2.858215958130928e-03, 0.000000000000000e+00, 2.447192160537142e-03, -1.494453507550250e-03, 3.338809434381239e-01, -3.338809434381239e-01, -1.000000000000000e+00, -9.253620092408710e-11
1.614310527980658e+00, 1.054330860296516e-01, 8.484688703115108e+00, 1.168015172843814e+00, -6.784441529263920e-01, 0.000000000000000e+00, 0.000000000000000e+00, 0.000000000000000e+00, 9.945210384684104e-01, 2.758463157661600e-03, 0.000000000000000e+00, 2.720498558967957e-03, -1.801010839414165e-03, 3.338809434381239e-01, -3.338809434381239e-01, -1.000000000000000e+00, -9.251999166792757e-11
1.644310527980658e+00, 1.091600604008397e-01, 8.160859716712903e+00, 1.148020101777167e+00, -6.547626665555971e-01, 0.000000000000000e+00, 0.000000000000000e+00, 0.000000000000000e+00, 9.943175608079969e-01, 2.663737801599707e-03, 0.000000000000000e+00, 3.018701575405341e-03, -2.130788974477906e-03, 3.338809434381239e-01, -3.338809434381239e-01, -1.000000000000000e+00, -9.250089583190402e-11
1.674310527980658e+00, 1.129521895799473e-01, 7.853303364183146e+00, 1.128717709962829e+00, -6.322517079890811e-01, 0.000000000000000e+00, 0.000000000000000e+00, 0.000000000000000e+00, 9.940827309041176e-01, 2.573700499203742e-03, 0.000000000000000e+00, 3.343568781636698e-03, -2.485668614775706e-03, 3.338809434381239e-01, -3.338809434381239e-01, -1.000000000000000e+00, -9.247891341601644e-11
1.704310527980658e+00, 1.168095579409216e-01, 7.560943279194387e+00, 1.110074091332194e+00, -6.108317613965888e-01, 0.000000000000000e+00, 0.000000000000000e+00, 0.000000000000000e+00, 9.938150030038746e-01, 2.488039666288379e-03, 0.000000000000000e+00, 3.696957514745503e-03, -2.867610958785798e-03, 3.338809434381239e-01, -3.338809434381239e-01, -1.000000000000000e+00, -9.245426646486976e-11
1.734310527980658e+00, 1.207322573209522e-01, 7.282790549849654e+00, 1.092057626543202e+00, -5.904297828506601e-01, 0.000000000000000e+00, 0.000000000000000e+00, 0.000000000000000e+00, 9.935127139709355e-01, 2.406468825757031e-03, 0.000000000000000e+00, 4.080817388159816e-03, -3.278661112301406e-03, 3.338809434381239e-01, -3.338809434381239e-01, -1.000000000000000e+00, -9.242606680004428e-11
1.764310527980658e+00, 1.247203875427616e-01, 7.017935316767197e+00, 1.074638798456059e+00, -5.709785706673659e-01, 0.000000000000000e+00, 0.000000000000000e+00, 0.000000000000000e+00, 9.931740832137621e-01, 2.328724209126072e-03, 0.000000000000000e+00, 4.497192761900953e-03, -3.720951358171339e-03, 3.338809434381239e-01, -3.338809434381239e-01, -1.000000000000000e+00, -9.239453646614493e-11
1.794310527980658e+00, 1.287740569645096e-01, 6.765539298615112e+00, 1.057790025420401e+00, -5.524162060459753e-01, 0.000000000000000e+00, 0.000000000000000e+00, 0.000000000000000e+00, 9.927972124012409e-01, 2.254562621320392e-03, 0.000000000000000e+00, 4.948225162157658e-03, -4.196704287608983e-03, 3.338809434381239e-01, -3.338809434381239e-01, -1.000000000000000e+00, -9.235945341856677e-11
1.824310527980658e+00, 1.328933830583867e-01, 6.524829129834478e+00, 1.041485510401089e+00, -5.346855551548351e-01, 0.000000000000000e+00, 0.000000000000000e+00, 0.000000000000000e+00, 9.923800850088500e-01, 2.183759536258396e-03, 0.000000000000000e+00, 5.436155639532543e-03, -4.708235793243746e-03, 3.338809434381239e-01, -3.338809434381239e-01, -1.000000000000000e+00, -9.232037356809997e-11
1.854310527980658e+00, 1.370784930190094e-01, 6.295090411165554e+00, 1.025701104216320e+00, -5.177338250469440e-01, 0.000000000000000e+00, 0.000000000000000e+00, 0.000000000000000e+00, 9.919205657348777e-01, 2.116107395186974e-03, 0.000000000000000e+00, 5.963327054490581e-03, -5.257957921791206e-03, 3.338809434381239e-01, -3.338809434381239e-01, -1.000000000000000e+00, -9.227751895934944e-11
1.884310527980658e+00, 1.413295244027695e-01, 6.075662387075890e+00, 1.010414181374128e+00, -5.015121668356823e-01, 0.000000000000000e+00, 0.000000000000000e+00, 0.000000000000000e+00, 9.914163998232726e-01, 2.051414083504633e-03, 0.000000000000000e+00, 6.532186277684275e-03, -5.848381582103928e-03, 3.338809434381239e-01, -3.338809434381239e-01, -1.000000000000000e+00, -9.223066754771025e-11
1.914310527980658e+00, 1.456466257993366e-01, 5.865933175669594e+00, 9.956035271767145e-01, -4.859753204503345e-01, 0.000000000000000e+00, 0.000000000000000e+00, 0.000000000000000e+00, 9.908652123273892e-01, 1.989501565031540e-03, 0.000000000000000e+00, 7.145286291937957e-03, -6.482119102399074e-03, 3.338809434381239e-01, -3.338809434381239e-01, -1.000000000000000e+00, -9.217937524397257e-11
1.944310527980658e+00, 1.500299575365579e-01, 5.665335486456627e+00, 9.812492349208143e-01, -4.710812960482316e-01, 0.000000000000000e+00, 0.000000000000000e+00, 0.000000000000000e+00, 9.902645073470638e-01, 1.930204655437830e-03, 0.000000000000000e+00, 7.805288181745443e-03, -7.161886628613276e-03, 3.338809434381239e-01, -3.338809434381239e-01, -1.000000000000000e+00, -9.212342000353146e-11
1.974310527980658e+00, 1.544796924200487e-01, 5.473342769746596e+00, 9.673326121600307e-01, -4.567910878068014e-01, 0.000000000000000e+00, 0.000000000000000e+00, 0.000000000000000e+00, 9.896116672700535e-01, 1.873369918899856e-03, 0.000000000000000e+00, 8.514962995172876e-03, -7.890506354086743e-03, 3.338809434381239e-01, -3.338809434381239e-01, -1.000000000000000e+00, -9.206302387099186e-11
2.004310527980658e+00, 1.589960165088223e-01, 5.289465748624667e+00, 9.538360951148868e-01, -4.430684163721209e-01, 0.000000000000000e+00, 0.000000000000000e+00, 0.000000000000000e+00, 9.889039520478508e-01, 1.818854674079339e-03, 0.000000000000000e+00, 9.277193462064312e-03, -8.670908569109131e-03, 3.338809434381239e-01, -3.338809434381239e-01, -1.000000000000000e+00, -9.199707662332912e-11
2.034310527980657e+00, 1.635791299283647e-01, 5.113249290651714e+00, 9.407431704207131e-01, -4.298794967152967e-01, 0.000000000000000e+00, 0.000000000000000e+00, 0.000000000000000e+00, 9.881384985351641e-01, 1.766526097263675e-03, 0.000000000000000e+00, 1.009497555142403e-02, -9.506133517255084e-03, 3.338809434381239e-01, -3.338809434381239e-01, -1.000000000000000e+00, -9.192580030514819e-11
2.064310527980657e+00, 1.682292477226198e-01, 4.944269581760378e+00, 9.280383034946997e-01, -4.171928285562643e-01, 0.000000000000000e+00, 0.000000000000000e+00, 0.000000000000000e+00, 9.873123199218885e-01, 1.716260412009424e-03, 0.000000000000000e+00, 1.097141984980021e-02, -1.039933304388673e-02, 3.338809434381239e-01, -3.338809434381239e-01, -1.000000000000000e+00, -9.184897287184413e-11
2.094310527980657e+00, 1.729466007464193e-01, 4.782131569421459e+00, 9.157068728832282e-01, -4.049790068664993e-01, 0.000000000000000e+00, 0.000000000000000e+00, 0.000000000000000e+00, 9.864223052861778e-01, 1.667942155931177e-03, 0.000000000000000e+00, 1.190975274142367e-02, -1.135377202069616e-02, 3.338809434381239e-01, -3.338809434381239e-01, -1.000000000000000e+00, -9.176615023420709e-11
2.124310527980657e+00, 1.777314365999601e-01, 4.626466646138755e+00, 9.037351100205899e-01, -3.932105502661299e-01, 0.000000000000000e+00, 0.000000000000000e+00, 0.000000000000000e+00, 9.854652192971829e-01, 1.621463516404186e-03, 0.000000000000000e+00, 1.291331736976752e-02, -1.237282952869751e-02, 3.338809434381239e-01, -3.338809434381239e-01, -1.000000000000000e+00, -9.167711034763215e-11
2.154310527980657e+00, 1.825840206070085e-01, 4.476930547785378e+00, 8.921100438916938e-01, -3.818617453941033e-01, 0.000000000000000e+00, 0.000000000000000e+00, 0.000000000000000e+00, 9.844377020961416e-01, 1.576723727926854e-03, 0.000000000000000e+00, 1.398557435909452e-02, -1.345999978065353e-02, 3.338809434381239e-01, -3.338809434381239e-01, -1.000000000000000e+00, -9.158140912290946e-11
2.184310527980657e+00, 1.875046368385947e-01, 4.333201444297119e+00, 8.808194501454952e-01, -3.709085055583511e-01, 0.000000000000000e+00, 0.000000000000000e+00, 0.000000000000000e+00, 9.833362693847637e-01, 1.533628524739543e-03, 0.000000000000000e+00, 1.513010227345525e-02, -1.461889276253409e-02, 3.338809434381239e-01, -3.338809434381239e-01, -1.000000000000000e+00, -9.147926860464395e-11
2.214310527980656e+00, 1.924935891840446e-01, 4.194978202852733e+00, 8.698518042536323e-01, -3.603282421713347e-01, 0.000000000000000e+00, 0.000000000000000e+00, 0.000000000000000e+00, 9.821573127502028e-01, 1.492089643037116e-03, 0.000000000000000e+00, 1.635059778949889e-02, -1.585323457225619e-02, 3.338809434381239e-01, -3.338809434381239e-01, -1.000000000000000e+00, -9.136935652520606e-11
2.244310527980656e+00, 1.975512024712957e-01, 4.061978805951843e+00, 8.591962383509320e-01, -3.500997476491728e-01, 0.000000000000000e+00, 0.000000000000000e+00, 0.000000000000000e+00, 9.808971002563756e-01, 1.452024367759602e-03, 0.000000000000000e+00, 1.765087555836918e-02, -1.716686743264962e-02, 3.338809434381239e-01, -3.338809434381239e-01, -1.000000000000000e+00, -9.125211697380564e-11
2.274310527980656e+00, 2.026778236385422e-01, 3.933938908794535e+00, 8.488425014318021e-01, -3.402030886033439e-01, 0.000000000000000e+00, 0.000000000000000e+00, 0.000000000000000e+00, 9.795517773318549e-01, 1.413355119511128e-03, 0.000000000000000e+00, 1.903486773088818e-02, -1.856374935433448e-02, 3.338809434381239e-01, -3.338809434381239e-01, -1.000000000000000e+00, -9.112710586123285e-11
2.304310527980656e+00, 2.078738229593649e-01, 3.810610522112155e+00, 8.387809226096229e-01, -3.306195082857768e-01, 0.000000000000000e+00, 0.000000000000000e+00, 0.000000000000000e+00, 9.781173679851414e-01, 1.376009077652968e-03, 0.000000000000000e+00, 2.050662311919328e-02, -2.004795342299380e-02, 3.338809434381239e-01, -3.338809434381239e-01, -1.000000000000000e+00, -9.099387909827783e-11
2.334310527980656e+00, 2.131395953236211e-01, 3.691760808129749e+00, 8.290023771756659e-01, -3.213313373635606e-01, 0.000000000000000e+00, 0.000000000000000e+00, 0.000000000000000e+00, 9.765897763786540e-01, 1.339917836051543e-03, 0.000000000000000e+00, 2.207030596699773e-02, -2.162366668438479e-02, 3.338809434381239e-01, -3.338809434381239e-01, -1.000000000000000e+00, -9.085154850652088e-11
2.364310527980655e+00, 2.184755615764948e-01, 3.577170978685734e+00, 8.194982552202236e-01, -3.123219122007617e-01, 0.000000000000000e+00, 0.000000000000000e+00, 0.000000000000000e+00, 9.749647887933499e-01, 1.305017088344597e-03, 0.000000000000000e+00, 2.373019429970638e-02, -2.329518859936574e-02, 3.338809434381239e-01, -3.338809434381239e-01, -1.000000000000000e+00, -9.070033613056694e-11
2.394310527980655e+00, 2.238821699182468e-01, 3.466635285718204e+00, 8.102604326019515e-01, -3.035754999137872e-01, 0.000000000000000e+00, 0.000000000000000e+00, 0.000000000000000e+00, 9.732380760164043e-01, 1.271246339925371e-03, 0.000000000000000e+00, 2.549067782474999e-02, -2.506692904023576e-02, 3.338809434381239e-01, -3.338809434381239e-01, -1.000000000000000e+00, -9.053979788120614e-11
2.424310527980655e+00, 2.293598973673497e-01, 3.359960095370856e+00, 8.012812440722265e-01, -2.950772295450186e-01, 0.000000000000000e+00, 0.000000000000000e+00, 0.000000000000000e+00, 9.714051961848778e-01, 1.238548644141395e-03, 0.000000000000000e+00, 2.735625535171948e-02, -2.694340579880264e-02, 3.338809434381239e-01, -3.338809434381239e-01, -1.000000000000000e+00, -9.036926762462372e-11
2.454310527980655e+00, 2.349092512898543e-01, 3.256963037892879e+00, 7.925534583799301e-01, -2.868130287684330e-01, 0.000000000000000e+00, 0.000000000000000e+00, 0.000000000000000e+00, 9.694615981187091e-01, 1.206870360466615e-03, 0.000000000000000e+00, 2.933153170120139e-02, -2.892924157582768e-02, 3.338809434381239e-01, -3.338809434381239e-01, -1.000000000000000e+00, -9.018852331621474e-11
2.484310527980655e+00, 2.405307709980040e-01, 3.157472226321921e+00, 7.840702551987215e-01, -2.787695656018228e-01, 0.000000000000000e+00, 0.000000000000000e+00, 0.000000000000000e+00, 9.674026251766982e-01, 1.176160932637237e-03, 0.000000000000000e+00, 3.142121407065845e-02, -3.102916042086098e-02, 3.338809434381239e-01, -3.338809434381239e-01, -1.000000000000000e+00, -8.999689882216444e-11
2.514310527980654e+00, 2.462250294213000e-01, 3.061325537660769e+00, 7.758252037338011e-01, -2.709341946540478e-01, 0.000000000000000e+00, 0.000000000000000e+00, 0.000000000000000e+00, 9.652235196693605e-01, 1.146372684946889e-03, 0.000000000000000e+00, 3.363010782528091e-02, -3.324798359099433e-02, 3.338809434381239e-01, -3.338809434381239e-01, -1.000000000000000e+00, -8.979417209786789e-11
2.544310527980654e+00, 2.519926348534186e-01, 2.968369950898324e+00, 7.678122428785858e-01, -2.632949074833860e-01, 0.000000000000000e+00, 0.000000000000000e+00, 0.000000000000000e+00, 9.629194278626022e-01, 1.117460635078532e-03, 0.000000000000000e+00, 3.596311168147862e-02, -3.559062479674271e-02, 3.338809434381239e-01, -3.338809434381239e-01, -1.000000000000000e+00, -8.957967700951031e-11
2.574310527980654e+00, 2.578342327785984e-01, 2.878460936793825e+00, 7.600256628037875e-01, -2.558402866852584e-01, 0.000000000000000e+00, 0.000000000000000e+00, 0.000000000000000e+00, 9.604854056060829e-01, 1.089382322012002e-03, 0.000000000000000e+00, 3.842521225061178e-02, -3.806208480313918e-02, 3.338809434381239e-01, -3.338809434381239e-01, -1.000000000000000e+00, -8.935319151248677e-11
2.604310527980654e+00, 2.637505077813471e-01, 2.791461894848803e+00, 7.524600878722660e-01, -2.485594633650510e-01, 0.000000000000000e+00, 0.000000000000000e+00, 0.000000000000000e+00, 9.579164246198463e-01, 1.062097647689510e-03, 0.000000000000000e+00, 4.102147791069292e-02, -4.066744535421499e-02, 3.338809434381239e-01, -3.338809434381239e-01, -1.000000000000000e+00, -8.911427151758744e-11
2.634310527980654e+00, 2.697421855435679e-01, 2.707243633341449e+00, 7.451104607828477e-01, -2.414420776850053e-01, 0.000000000000000e+00, 0.000000000000000e+00, 0.000000000000000e+00, 9.552073794723160e-01, 1.035568731249030e-03, 0.000000000000000e+00, 4.375705197415949e-02, -4.341186238936113e-02, 3.338809434381239e-01, -3.338809434381239e-01, -1.000000000000000e+00, -8.886225089099753e-11
2.664310527980653e+00, 2.758100349334773e-01, 2.625683888699663e+00, 7.379720278551779e-01, -2.344782422037209e-01, 0.000000000000000e+00, 0.000000000000000e+00, 0.000000000000000e+00, 9.523530952820052e-01, 1.009759774749113e-03, 0.000000000000000e+00, 4.663714512043904e-02, -4.630055852065185e-02, 3.338809434381239e-01, -3.338809434381239e-01, -1.000000000000000e+00, -8.859668554350719e-11
2.694310527980653e+00, 2.819548701909762e-01, 2.546666880847531e+00, 7.310403253757201e-01, -2.276585077531058e-01, 0.000000000000000e+00, 0.000000000000000e+00, 0.000000000000000e+00, 9.493483361742882e-01, 9.846369394099386e-04, 0.000000000000000e+00, 4.966702706293633e-02, -4.933881474108476e-02, 3.338809434381239e-01, -3.338809434381239e-01, -1.000000000000000e+00, -8.831713138590658e-11
2.724310527980653e+00, 2.881775532144547e-01, 2.470082901480617e+00, 7.243111669323085e-01, -2.209738316210325e-01, 0.000000000000000e+00, 0.000000000000000e+00, 0.000000000000000e+00, 9.461878145232738e-01, 9.601682314857771e-04, 0.000000000000000e+00, 5.285201742128705e-02, -5.253196133487704e-02, 3.338809434381239e-01, -3.338809434381239e-01, -1.000000000000000e+00, -8.802336637359076e-11
2.754310527980653e+00, 2.944789959543489e-01, 2.395827932512454e+00, 7.177806316712956e-01, -2.144155478288177e-01, 0.000000000000000e+00, 0.000000000000000e+00, 0.000000000000000e+00, 9.428662010071871e-01, 9.363233969646339e-04, 0.000000000000000e+00, 5.619747577127657e-02, -5.588536796248448e-02, 3.338809434381239e-01, -3.338809434381239e-01, -1.000000000000000e+00, -8.771405823893019e-11
2.784310527980653e+00, 3.008601629191380e-01, 2.323803292191826e+00, 7.114450534173778e-01, -2.079753393112328e-01, 0.000000000000000e+00, 0.000000000000000e+00, 0.000000000000000e+00, 9.393781355036762e-01, 9.130738243629425e-04, 0.000000000000000e+00, 5.970879084674022e-02, -5.940443289490323e-02, 3.338809434381239e-01, -3.338809434381239e-01, -1.000000000000000e+00, -8.738965107113472e-11
2.814310527980652e+00, 3.073220737998673e-01, 2.253915306621336e+00, 7.053010106016997e-01, -2.016452118233230e-01, 0.000000000000000e+00, 0.000000000000000e+00, 0.000000000000000e+00, 9.357182388490812e-01, 8.903924549475590e-04, 0.000000000000000e+00, 6.339136887006944e-02, -6.309457137410224e-02, 3.338809434381239e-01, -3.338809434381239e-01, -1.000000000000000e+00, -8.704903464717972e-11
2.844310527980652e+00, 3.138658062197132e-01, 2.186075004615117e+00, 6.993453169488789e-01, -1.954174694130774e-01, 0.000000000000000e+00, 0.000000000000000e+00, 0.000000000000000e+00, 9.318811254829336e-01, 8.682536997749405e-04, 0.000000000000000e+00, 6.725062099067600e-02, -6.696120307914097e-02, 3.338809434381239e-01, -3.338809434381239e-01, -1.000000000000000e+00, -8.669220896706520e-11
2.874310527980652e+00, 3.204924986155712e-01, 2.120197834020115e+00, 6.935750128782281e-01, -1.892846913121489e-01, 0.000000000000000e+00, 0.000000000000000e+00, 0.000000000000000e+00, 9.278614169957118e-01, 8.466333629889453e-04, 0.000000000000000e+00, 7.129194981393590e-02, -7.100973868068070e-02, 3.338809434381239e-01, -3.338809434381239e-01, -1.000000000000000e+00, -8.631828585237145e-11
2.904310527980652e+00, 3.272033532591517e-01, 2.056203397793358e+00, 6.879873575786974e-01, -1.832397101085283e-01, 0.000000000000000e+00, 0.000000000000000e+00, 0.000000000000000e+00, 9.236537565942176e-01, 8.255085708648869e-04, 0.000000000000000e+00, 7.552073500677139e-02, -7.524556547021853e-02, 3.338809434381239e-01, -3.338809434381239e-01, -1.000000000000000e+00, -8.592682121388862e-11
2.934310527980652e+00, 3.339996394256135e-01, 1.994015208279033e+00, 6.825798217209917e-01, -1.772755910754856e-01, 0.000000000000000e+00, 0.000000000000000e+00, 0.000000000000000e+00, 9.192528244947501e-01, 8.048577061288255e-04, 0.000000000000000e+00, 7.994231797015600e-02, -7.967403205448602e-02, 3.338809434381239e-01, -3.338809434381239e-01, -1.000000000000000e+00, -8.551737096240686e-11
2.964310527980651e+00, 3.408826967183533e-01, 1.933560458265875e+00, 6.773500807739413e-01, -1.713856125403269e-01, 0.000000000000000e+00, 0.000000000000000e+00, 0.000000000000000e+00, 9.146533542496000e-01, 7.846603471181724e-04, 0.000000000000000e+00, 8.456198557346084e-02, -8.430043211007529e-02, 3.338809434381239e-01, -3.338809434381239e-01, -1.000000000000000e+00, -8.508949100871632e-11
2.994310527980651e+00, 3.478539385592108e-01, 1.874769807528807e+00, 6.722960088955762e-01, -1.655632471846812e-01, 0.000000000000000e+00, 0.000000000000000e+00, 0.000000000000000e+00, 9.098501500071819e-01, 7.648972113829331e-04, 0.000000000000000e+00, 8.938495295072056e-02, -8.912998719850451e-02, 3.338809434381239e-01, -3.338809434381239e-01, -1.000000000000000e+00, -8.464273726360716e-11
3.024310527980651e+00, 3.549148558540395e-01, 1.817577183670370e+00, 6.674156733724900e-01, -1.598021441752406e-01, 0.000000000000000e+00, 0.000000000000000e+00, 0.000000000000000e+00, 9.048381047004047e-01, 7.455501033567557e-04, 0.000000000000000e+00, 9.441634536459141e-02, -9.416782864761906e-02, 3.338809434381239e-01, -3.338809434381239e-01, -1.000000000000000e+00, -8.417644359326459e-11
3.054310527980651e+00, 3.620670208443443e-01, 1.761919596178600e+00, 6.627073295840170e-01, -1.540961120301931e-01, 0.000000000000000e+00, 0.000000000000000e+00, 0.000000000000000e+00, 8.996122191516123e-01, 7.266018657537492e-04, 0.000000000000000e+00, 9.966117915001466e-02, -9.941897851145594e-02, 3.338809434381239e-01, -3.338809434381239e-01, -1.000000000000000e+00, -8.369038795308370e-11
3.084310527980651e+00, 3.693120911565030e-01, 1.707736962709490e+00, 6.581694164705029e-01, -1.484391021320978e-01, 0.000000000000000e+00, 0.000000000000000e+00, 0.000000000000000e+00, 8.941676220756106e-01, 7.080363343711262e-04, 0.000000000000000e+00, 1.051243417563858e-01, -1.048883296274787e-01, 3.338809434381239e-01, -3.338809434381239e-01, -1.000000000000000e+00, -8.318368216464478e-11
3.114310527980650e+00, 3.766518140609709e-01, 1.654971946685285e+00, 6.538005524875533e-01, -1.428251928027074e-01, 0.000000000000000e+00, 0.000000000000000e+00, 0.000000000000000e+00, 8.884995909549531e-01, 6.898382959993973e-04, 0.000000000000000e+00, 1.108105709143604e-01, -1.105806247974135e-01, 3.338809434381239e-01, -3.338809434381239e-01, -1.000000000000000e+00, -8.265632622794783e-11
3.144310527980650e+00, 3.840880309548274e-01, 1.603569805375190e+00, 6.495995320306196e-01, -1.372485738593054e-01, 0.000000000000000e+00, 0.000000000000000e+00, 0.000000000000000e+00, 8.826035737537621e-01, 6.719934491613953e-04, 0.000000000000000e+00, 1.167244329612923e-01, -1.165004351257739e-01, 3.338809434381239e-01, -3.338809434381239e-01, -1.000000000000000e+00, -8.210787605378300e-11
3.174310527980650e+00, 3.916226820820698e-01, 1.553478247693622e+00, 6.455653223166375e-01, -1.317035315755276e-01, 0.000000000000000e+00, 0.000000000000000e+00, 0.000000000000000e+00, 8.764752114279779e-01, 6.544883674190538e-04, 0.000000000000000e+00, 1.228703003676788e-01, -1.226521375585375e-01, 3.338809434381239e-01, -3.338809434381239e-01, -1.000000000000000e+00, -8.153788755294045e-11
3.204310527980650e+00, 3.992578115071880e-01, 1.504647301013412e+00, 6.416970607117061e-01, -1.261844339724249e-01, 0.000000000000000e+00, 0.000000000000000e+00, 0.000000000000000e+00, 8.701103611810304e-01, 6.373104650028630e-04, 0.000000000000000e+00, 1.292523285158578e-01, -1.290398916732998e-01, 3.338809434381239e-01, -3.338809434381239e-01, -1.000000000000000e+00, -8.094547254700046e-11
3.234310527980650e+00, 4.069955723587936e-01, 1.457029186348086e+00, 6.379940524959814e-01, -1.206857163677194e-01, 0.000000000000000e+00, 0.000000000000000e+00, 0.000000000000000e+00, 8.635051204046018e-01, 6.204479645334621e-04, 0.000000000000000e+00, 1.358744317915271e-01, -1.356676157815526e-01, 3.338809434381239e-01, -3.338809434381239e-01, -1.000000000000000e+00, -8.033107512517290e-11
3.264310527980649e+00, 4.148382323614145e-01, 1.410578201309040e+00, 6.344557690591056e-01, -1.152018671128327e-01, 0.000000000000000e+00, 0.000000000000000e+00, 0.000000000000000e+00, 8.566558512343821e-01, 6.038898666180949e-04, 0.000000000000000e+00, 1.427402590583881e-01, -1.425389624134630e-01, 3.338809434381239e-01, -3.338809434381239e-01, -1.000000000000000e+00, -7.969402915364299e-11
3.294310527980649e+00, 4.227881796750347e-01, 1.365250610290535e+00, 6.310818465215730e-01, -1.097274134483401e-01, 0.000000000000000e+00, 0.000000000000000e+00, 0.000000000000000e+00, 8.495592056406416e-01, 5.876259211168600e-04, 0.000000000000000e+00, 1.498531685963092e-01, -1.496572932656143e-01, 3.338809434381239e-01, -3.338809434381239e-01, -1.000000000000000e+00, -7.903366849859594e-11
3.324310527980649e+00, 4.308479290635495e-01, 1.321004541378453e+00, 6.278720847795169e-01, -1.042569074090272e-01, 0.000000000000000e+00, 0.000000000000000e+00, 0.000000000000000e+00, 8.422121509630326e-01, 5.716465998849392e-04, 0.000000000000000e+00, 1.572162025937833e-01, -1.570256537025489e-01, 3.338809434381239e-01, -3.338809434381239e-01, -1.000000000000000e+00, -7.835043724924162e-11
3.354310527980649e+00, 4.390201284150497e-01, 1.277799889518049e+00, 6.248264469724631e-01, -9.878491170971648e-02, 0.000000000000000e+00, 0.000000000000000e+00, 0.000000000000000e+00, 8.346119957884363e-01, 5.559430708074798e-04, 0.000000000000000e+00, 1.648320612960435e-01, -1.646467469135402e-01, 3.338809434381239e-01, -3.338809434381239e-01, -1.000000000000000e+00, -7.764366927176525e-11
3.384310527980649e+00, 4.473075656387490e-01, 1.235598225511822e+00, 6.219450593756609e-01, -9.330598554246251e-02, 0.000000000000000e+00, 0.000000000000000e+00, 0.000000000000000e+00, 8.267564160599461e-01, 5.405071729536781e-04, 0.000000000000000e+00, 1.727030769209257e-01, -1.725229078367360e-01, 3.338809434381239e-01, -3.338809434381239e-01, -1.000000000000000e+00, -7.691269843235204e-11
3.414310527980648e+00, 4.557131759654419e-01, 1.194362710451526e+00, 6.192282117207076e-01, -8.781467021459863e-02, 0.000000000000000e+00, 0.000000000000000e+00, 0.000000000000000e+00, 8.186434812943266e-01, 5.253313926859647e-04, 0.000000000000000e+00, 1.808311874653035e-01, -1.806560769735580e-01, 3.338809434381239e-01, -3.338809434381239e-01, -1.000000000000000e+00, -7.615796882021186e-11
3.444310527980648e+00, 4.642400496806557e-01, 1.154058015218390e+00, 6.166763579503208e-01, -8.230547455541956e-02, 0.000000000000000e+00, 0.000000000000000e+00, 0.000000000000000e+00, 8.102716807746047e-01, 5.104088405691683e-04, 0.000000000000000e+00, 1.892179105355847e-01, -1.890477742268944e-01, 3.338809434381239e-01, -3.338809434381239e-01, -1.000000000000000e+00, -7.537925839073978e-11
3.474310527980648e+00, 4.728914403221409e-01, 1.114650244713215e+00, 6.142901174153067e-01, -7.677286001699254e-02, 0.000000000000000e+00, 0.000000000000000e+00, 0.000000000000000e+00, 8.016399495740139e-01, 4.957332289332564e-04, 0.000000000000000e+00, 1.978643173462055e-01, -1.976990729070738e-01, 3.338809434381239e-01, -3.338809434381239e-01, -1.000000000000000e+00, -7.457634509933087e-11
3.504310527980648e+00, 4.816707733760688e-01, 1.076106866503276e+00, 6.120702765240565e-01, -7.121122539166344e-02, 0.000000000000000e+00, 0.000000000000000e+00, 0.000000000000000e+00, 7.927476942573749e-01, 4.812988499517887e-04, 0.000000000000000e+00, 2.067710070401715e-01, -2.066105740597129e-01, 3.338809434381239e-01, -3.338809434381239e-01, -1.000000000000000e+00, -7.374900690138020e-11
3.534310527980648e+00, 4.905816555092938e-01, 1.038396643596176e+00, 6.100177908572756e-01, -6.561489106523131e-02, 0.000000000000000e+00, 0.000000000000000e+00, 0.000000000000000e+00, 7.835948180963657e-01, 4.671005541066949e-04, 0.000000000000000e+00, 2.159380814953229e-01, -2.157823812791607e-01, 3.338809434381239e-01, -3.338809434381239e-01, -1.000000000000000e+00, -7.289768788609763e-11
3.564310527980648e+00, 4.996278843783080e-01, 1.001489571072099e+00, 6.081337877631421e-01, -5.997808272045289e-02, 0.000000000000000e+00, 0.000000000000000e+00, 0.000000000000000e+00, 7.741817456261283e-01, 4.531337289184757e-04, 0.000000000000000e+00, 2.253651207889972e-01, -2.252140761802503e-01, 3.338809434381239e-01, -3.338809434381239e-01, -1.000000000000000e+00, -7.202194396427331e-11
3.594310527980647e+00, 5.088134590591216e-01, 9.653568163254995e-01, 6.064195694507297e-01, -5.429491440044987e-02, 0.000000000000000e+00, 0.000000000000000e+00, 0.000000000000000e+00, 7.645094463624502e-01, 4.393942778295007e-04, 0.000000000000000e+00, 2.350511595019645e-01, -2.349046947092741e-01, 3.338809434381239e-01, -3.338809434381239e-01, -1.000000000000000e+00, -7.112199718051215e-11
3.624310527980647e+00, 5.181425911462562e-01, 9.299706626852644e-01, 6.048766166023255e-01, -4.855937083566370e-02, 0.000000000000000e+00, 0.000000000000000e+00, 0.000000000000000e+00, 7.545794574914948e-01, 4.258785991368002e-04, 0.000000000000000e+00, 2.449946640497649e-01, -2.448527044823428e-01, 3.338809434381239e-01, -3.338809434381239e-01, -1.000000000000000e+00, -7.019829162402402e-11
3.654310527980647e+00, 5.276197165733948e-01, 8.953044561989838e-01, 6.035065925282667e-01, -4.276528893114637e-02, 0.000000000000000e+00, 0.000000000000000e+00, 0.000000000000000e+00, 7.443939053379237e-01, 4.125835648796898e-04, 0.000000000000000e+00, 2.551935112356982e-01, -2.550559833454125e-01, 3.338809434381239e-01, -3.338809434381239e-01, -1.000000000000000e+00, -6.925082729480891e-11
3.684310527980647e+00, 5.372495082130344e-01, 8.613325553822044e-01, 6.023113478911318e-01, -3.690633830310611e-02, 0.000000000000000e+00, 0.000000000000000e+00, 0.000000000000000e+00, 7.339555254124062e-01, 3.995064995967516e-04, 0.000000000000000e+00, 2.656449682245564e-01, -2.655117993550993e-01, 3.338809434381239e-01, -3.338809434381239e-01, -1.000000000000000e+00, -6.827960419286683e-11
3.714310527980647e+00, 5.470368893177758e-01, 8.280302837476399e-01, 6.012929260295851e-01, -3.097600074463194e-02, 0.000000000000000e+00, 0.000000000000000e+00, 0.000000000000000e+00, 7.232676808361287e-01, 3.866451588761797e-04, 0.000000000000000e+00, 2.763456741395660e-01, -2.762167923827699e-01, 3.338809434381239e-01, -3.338809434381239e-01, -1.000000000000000e+00, -6.728528845201254e-11
3.744310527980646e+00, 5.569870478717350e-01, 7.953738849422645e-01, 6.004535689159264e-01, -2.496754849027596e-02, 0.000000000000000e+00, 0.000000000000000e+00, 0.000000000000000e+00, 7.123343789381451e-01, 3.739977076332766e-04, 0.000000000000000e+00, 2.872916234867581e-01, -2.871669575461536e-01, 3.338809434381239e-01, -3.338809434381239e-01, -1.000000000000000e+00, -6.626810211685097e-11
3.774310527980646e+00, 5.671054519270173e-01, 7.633404803322068e-01, 5.997957237854805e-01, -1.887402113753114e-02, 0.000000000000000e+00, 0.000000000000000e+00, 0.000000000000000e+00, 7.011602858214318e-01, 3.615626980590037e-04, 0.000000000000000e+00, 2.984781516109667e-01, -2.983576306726907e-01, 3.338809434381239e-01, -3.338809434381239e-01, -1.000000000000000e+00, -6.522871132119690e-11
3.804310527980646e+00, 5.773978660073467e-01, 7.319080288864044e-01, 5.993220504804091e-01, -1.268820107004273e-02, 0.000000000000000e+00, 0.000000000000000e+00, 0.000000000000000e+00, 6.897507386954376e-01, 3.493390471939064e-04, 0.000000000000000e+00, 3.098999223857034e-01, -3.097834759968827e-01, 3.338809434381239e-01, -3.338809434381239e-01, -1.000000000000000e+00, -6.416733810965525e-11
3.834310527980646e+00, 5.878703686688609e-01, 7.010552892202089e-01, 5.990354295554076e-01, -6.402587212434224e-03, 0.000000000000000e+00, 0.000000000000000e+00, 0.000000000000000e+00, 6.781117557769244e-01, 3.373260140924687e-04, 0.000000000000000e+00, 3.215509183351523e-01, -3.214384762898992e-01, 3.338809434381239e-01, -3.338809434381239e-01, -1.000000000000000e+00, -6.308442657143587e-11
3.864310527980646e+00, 5.985293713168705e-01, 6.707617836695685e-01, 5.989389711980977e-01, -9.366929695553416e-06, 0.000000000000000e+00, 0.000000000000000e+00, 0.000000000000000e+00, 6.662500435670509e-01, 3.255231765539500e-04, 0.000000000000000e+00, 3.334244333803577e-01, -3.333159256135210e-01, 3.338809434381239e-01, -3.338809434381239e-01, -1.000000000000000e+00, -6.198130897416831e-11
3.894310527980645e+00, 6.093816383871323e-01, 6.410077642751566e-01, 5.990360250228223e-01, 6.499614135083209e-03, 0.000000000000000e+00, 0.000000000000000e+00, 0.000000000000000e+00, 6.541730013210827e-01, 3.139304074070012e-04, 0.000000000000000e+00, 3.455130683932258e-01, -3.454084248820485e-01, 3.338809434381239e-01, -3.338809434381239e-01, -1.000000000000000e+00, -6.085776327324766e-11
3.924310527980645e+00, 6.204343090110405e-01, 6.117741805639012e-01, 5.993301908030521e-01, 1.313288451254799e-02, 0.000000000000000e+00, 0.000000000000000e+00, 0.000000000000000e+00, 6.418887225378845e-01, 3.025478503467698e-04, 0.000000000000000e+00, 3.578087297311988e-01, -3.577078804050288e-01, 3.338809434381239e-01, -3.338809434381239e-01, -1.000000000000000e+00, -5.971512173630344e-11
3.954310527980645e+00, 6.316949202962087e-01, 5.830426490228686e-01, 5.998253302148142e-01, 1.989938190096566e-02, 0.000000000000000e+00, 0.000000000000000e+00, 0.000000000000000e+00, 6.294059933094809e-01, 2.913758953347465e-04, 0.000000000000000e+00, 3.703026309122918e-01, -3.702055055704930e-01, 3.338809434381239e-01, -3.338809434381239e-01, -1.000000000000000e+00, -5.855360640794061e-11
3.984310527980645e+00, 6.431714323673875e-01, 5.547954241673900e-01, 6.005255796715341e-01, 2.680849098247717e-02, 0.000000000000000e+00, 0.000000000000000e+00, 0.000000000000000e+00, 6.167342873865150e-01, 2.804151535831737e-04, 0.000000000000000e+00, 3.829852975746517e-01, -3.828918258128538e-01, 3.338809434381239e-01, -3.338809434381239e-01, -1.000000000000000e+00, -5.737499364499854e-11
4.014310527980645e+00, 6.548722553276838e-01, 5.270153711117627e-01, 6.014353643395566e-01, 3.387008437359537e-02, 0.000000000000000e+00, 0.000000000000000e+00, 0.000000000000000e+00, 6.038837578333190e-01, 2.696664321573618e-04, 0.000000000000000e+00, 3.958465758468825e-01, -3.957566869916965e-01, 3.338809434381239e-01, -3.338809434381239e-01, -1.000000000000000e+00, -5.617928344747725e-11
4.044310527980645e+00, 6.668062783168510e-01, 4.996859395568303e-01, 6.025594134334932e-01, 4.109456705764905e-02, 0.000000000000000e+00, 0.000000000000000e+00, 0.000000000000000e+00, 5.908652251665278e-01, 2.591307082406371e-04, 0.000000000000000e+00, 4.088756442351681e-01, -4.087892672874803e-01, 3.338809434381239e-01, -3.338809434381239e-01, -1.000000000000000e+00, -5.496825217221613e-11
4.074310527980646e+00, 6.789829008622235e-01, 4.727911391142914e-01, 6.039027769015716e-01, 4.849292468757055e-02, 0.000000000000000e+00, 0.000000000000000e+00, 0.000000000000000e+00, 5.776901618935728e-01, 2.488091031177584e-04, 0.000000000000000e+00, 4.220610291107945e-01, -4.219780926977321e-01, 3.338809434381239e-01, -3.338809434381239e-01, -1.000000000000000e+00, -5.374256595302995e-11
4.104310527980646e+00, 6.914120667389464e-01, 4.463155158927330e-01, 6.054708436234952e-01, 5.607677619371851e-02, 0.000000000000000e+00, 0.000000000000000e+00, 0.000000000000000e+00, 5.643706733918967e-01, 2.387028559433929e-04, 0.000000000000000e+00, 4.353906238571669e-01, -4.353110561928083e-01, 3.338809434381239e-01, -3.338809434381239e-01, -1.000000000000000e+00, -5.250355705754828e-11
4.134310527980646e+00, 7.041043005798199e-01, 4.202441302751798e-01, 6.072693612571342e-01, 6.385843118415593e-02, 0.000000000000000e+00, 0.000000000000000e+00, 0.000000000000000e+00, 5.509194750961202e-01, 2.288132973724989e-04, 0.000000000000000e+00, 4.488517117090114e-01, -4.487754405638860e-01, 3.338809434381239e-01, -3.338809434381239e-01, -1.000000000000000e+00, -5.125189161958588e-11
4.164310527980646e+00, 7.170707475016815e-01, 3.945625358223876e-01, 6.093044578858734e-01, 7.185095268494837e-02, 0.000000000000000e+00, 0.000000000000000e+00, 0.000000000000000e+00, 5.373498659884879e-01, 2.191418231391105e-04, 0.000000000000000e+00, 4.624309922883522e-01, -4.623579449677462e-01, 3.338809434381239e-01, -3.338809434381239e-01, -1.000000000000000e+00, -4.998956804058707e-11
4.194310527980647e+00, 7.303232160452171e-01, 3.692567592402625e-01, 6.115826656358815e-01, 8.006822583674258e-02, 0.000000000000000e+00, 0.000000000000000e+00, 0.000000000000000e+00, 5.236756984174356e-01, 2.096898676789267e-04, 0.000000000000000e+00, 4.761146118123205e-01, -4.760447151433775e-01, 3.338809434381239e-01, -3.338809434381239e-01, -1.000000000000000e+00, -4.871747449897157e-11
4.224310527980647e+00, 7.438742247588833e-01, 3.443132813536272e-01, 6.141109464521985e-01, 8.852503324249605e-02, 0.000000000000000e+00, 0.000000000000000e+00, 0.000000000000000e+00, 5.099113442998001e-01, 2.004588778991572e-04, 0.000000000000000e+00, 4.898881969171744e-01, -4.898213772447369e-01, 3.338809434381239e-01, -3.338809434381239e-01, -1.000000000000000e+00, -4.743694326236891e-11
4.254310527980647e+00, 7.577370527958096e-01, 3.197190190321522e-01, 6.168967202447132e-01, 9.723713775130410e-02, 0.000000000000000e+00, 0.000000000000000e+00, 0.000000000000000e+00, 4.960716577936957e-01, 1.914502872061440e-04, 0.000000000000000e+00, 5.037368920113968e-01, -5.036730752025063e-01, 3.338809434381239e-01, -3.338809434381239e-01, -1.000000000000000e+00, -4.614930659840866e-11
4.284310527980647e+00, 7.719257949357506e-01, 2.954613080176087e-01, 6.199478956401592e-01, 1.062213735666880e-01, 0.000000000000000e+00, 0.000000000000000e+00, 0.000000000000000e+00, 4.821719345610487e-01, 1.826654899072574e-04, 0.000000000000000e+00, 5.176454000387565e-01, -5.175845114956870e-01, 3.338809434381239e-01, -3.338809434381239e-01, -1.000000000000000e+00, -4.485611881932527e-11
4.314310527980648e+00, 7.864554214931480e-01, 2.715278866047115e-01, 6.232729036046564e-01, 1.154957466866540e-01, 0.000000000000000e+00, 0.000000000000000e+00, 0.000000000000000e+00, 4.682278677708602e-01, 1.741058161083343e-04, 0.000000000000000e+00, 5.315980265001496e-01, -5.315399911818067e-01, 3.338809434381239e-01, -3.338809434381239e-01, -1.000000000000000e+00, -4.355915628195817e-11
4.344310527980648e+00, 8.013418436279810e-01, 2.479068801307287e-01, 6.268807342335476e-01, 1.250795458198856e-01, 0.000000000000000e+00, 0.000000000000000e+00, 0.000000000000000e+00, 4.542555010260362e-01, 1.657725072314187e-04, 0.000000000000000e+00, 5.455787265512507e-01, -5.455234690027335e-01, 3.338809434381239e-01, -3.338809434381239e-01, -1.000000000000000e+00, -4.225908512012211e-11
4.374310527980648e+00, 8.166019846393778e-01, 2.245867862317443e-01, 6.307809770419290e-01, 1.349934650806738e-01, 0.000000000000000e+00, 0.000000000000000e+00, 0.000000000000000e+00, 4.402711784276803e-01, 1.576666922796716e-04, 0.000000000000000e+00, 5.595711549619564e-01, -5.595185993520295e-01, 3.338809434381239e-01, -3.338809434381239e-01, -1.000000000000000e+00, -4.095812577986635e-11
4.404310527980648e+00, 8.322538578940947e-01, 2.015564608259841e-01, 6.349838651310298e-01, 1.452597399482656e-01, 0.000000000000000e+00, 0.000000000000000e+00, 0.000000000000000e+00, 4.262914920206703e-01, 1.497893649769951e-04, 0.000000000000000e+00, 5.735587186936677e-01, -5.735087888598542e-01, 3.338809434381239e-01, -3.338809434381239e-01, -1.000000000000000e+00, -3.965738848421552e-11
4.434310527980649e+00, 8.483166521243648e-01, 1.788051047869776e-01, 6.395003236532709e-01, 1.559022981885516e-01, 0.000000000000000e+00, 0.000000000000000e+00, 0.000000000000000e+00, 4.123332268927116e-01, 1.421413619091070e-04, 0.000000000000000e+00, 5.875246318220976e-01, -5.874772513230576e-01, 3.338809434381239e-01, -3.338809434381239e-01, -1.000000000000000e+00, -3.835909367921886e-11
4.464310527980649e+00, 8.648108249239006e-01, 1.563222512715372e-01, 6.443420230533791e-01, 1.669469276826270e-01, 0.000000000000000e+00, 0.000000000000000e+00, 0.000000000000000e+00, 3.984133042254626e-01, 1.347233417904845e-04, 0.000000000000000e+00, 6.014519725068745e-01, -6.014070646816969e-01, 3.338809434381239e-01, -3.338809434381239e-01, -1.000000000000000e+00, -3.706368545408623e-11
4.494310527980649e+00, 8.817582053789537e-01, 1.340977536695895e-01, 6.495214376254586e-01, 1.784214633939286e-01, 0.000000000000000e+00, 0.000000000000000e+00, 0.000000000000000e+00, 3.845487226203769e-01, 1.275357659777618e-04, 0.000000000000000e+00, 6.153237416851939e-01, -6.152812297191789e-01, 3.338809434381239e-01, -3.338809434381239e-01, -1.000000000000000e+00, -3.577427243328657e-11
4.524310527980649e+00, 8.991821068955856e-01, 1.121217741448246e-01, 6.550519099977847e-01, 1.903559960408567e-01, 0.000000000000000e+00, 0.000000000000000e+00, 0.000000000000000e+00, 3.707564980431894e-01, 1.205788803448271e-04, 0.000000000000000e+00, 6.291229231454480e-01, -6.290827301419377e-01, 3.338809434381239e-01, -3.338809434381239e-01, -1.000000000000000e+00, -3.449107666142481e-11
4.554310527980650e+00, 9.171074514273946e-01, 9.038477273692491e-02, 6.609477222398020e-01, 2.027831054339849e-01, 0.000000000000000e+00, 0.000000000000000e+00, 0.000000000000000e+00, 3.570536027492135e-01, 1.138526986280730e-04, 0.000000000000000e+00, 6.428325446185910e-01, -6.427945936763458e-01, 3.338809434381239e-01, -3.338809434381239e-01, -1.000000000000000e+00, -3.321631858455021e-11
4.584310527980650e+00, 9.355609064731160e-01, 6.887749699782453e-02, 6.672241743813129e-01, 2.157381218969973e-01, 0.000000000000000e+00, 0.000000000000000e+00, 0.000000000000000e+00, 3.434569035664121e-01, 1.073569873420469e-04, 0.000000000000000e+00, 6.564357395101487e-01, -6.563999538057557e-01, 3.338809434381239e-01, -3.338809434381239e-01, -1.000000000000000e+00, -3.195133047029231e-11
4.614310527980650e+00, 9.545710364046158e-01, 4.759097213602037e-02, 6.738976712443028e-01, 2.292594197314889e-01, 0.000000000000000e+00, 0.000000000000000e+00, 0.000000000000000e+00, 3.299830999243836e-01, 1.010912523562359e-04, 0.000000000000000e+00, 6.699158088846564e-01, -6.698821117594094e-01, 3.338809434381239e-01, -3.338809434381239e-01, -1.000000000000000e+00, -3.069811072009543e-11
4.644310527980650e+00, 9.741684699074280e-01, 2.651649164443470e-02, 6.809858186159584e-01, 2.433887473236649e-01, 0.000000000000000e+00, 0.000000000000000e+00, 0.000000000000000e+00, 3.166486620246879e-01, 9.505472721298331e-05, 0.000000000000000e+00, 6.832562833070140e-01, -6.832245983576909e-01, 3.338809434381239e-01, -3.338809434381239e-01, -1.000000000000000e+00, -2.945754751237928e-11
4.661380176457739e+00, 9.855938023218139e-01, 1.461676975265935e-02, 6.852111503063099e-01, 2.517167976480352e-01, 0.000000000000000e+00, 0.000000000000000e+00, 0.000000000000000e+00, 3.091299297480142e-01, 9.172193810706387e-05, 0.000000000000000e+00, 6.907783483713950e-01, -6.907477743522967e-01, 3.338809434381239e-01, -3.338809434381239e-01, -1.000000000000000e+00, -2.875810700686543e-11
4.670841185596727e+00, 9.920151994296659e-01, 8.049070795411950e-03, 6.876148731654956e-01, 2.564270663841511e-01, 0.000000000000000e+00, 0.000000000000000e+00, 0.000000000000000e+00, 3.049853734701143e-01, 8.990644325780095e-05, 0.000000000000000e+00, 6.949247201433728e-01, -6.948947512895218e-01, 3.338809434381239e-01, -3.338809434381239e-01, -1.000000000000000e+00, -2.837241552811065e-11
4.676066727388906e+00, 9.955895780365747e-01, 4.429959956112839e-03, 6.889617089814990e-01, 2.590582691068916e-01, 0.000000000000000e+00, 0.000000000000000e+00, 0.000000000000000e+00, 3.027034352425318e-01, 8.891338397309622e-05, 0.000000000000000e+00, 6.972076514298153e-01, -6.971780135958924e-01, 3.338809434381239e-01, -3.338809434381239e-01, -1.000000000000000e+00, -2.816014088580232e-11
4.678947424324118e+00, 9.975685509927773e-01, 2.437375361124650e-03, 6.897100781785209e-01, 2.605179180118417e-01, 0.000000000000000e+00, 0.000000000000000e+00, 0.000000000000000e+00, 3.014476959738688e-01, 8.836888008326015e-05, 0.000000000000000e+00, 6.984639352021343e-01, -6.984344788696005e-01, 3.338809434381239e-01, -3.338809434381239e-01, -1.000000000000000e+00, -2.804312337900683e-11
4.680533818503162e+00, 9.986609677322884e-01, 1.340827679239487e-03, 6.901240018337332e-01, 2.613245395303365e-01, 0.000000000000000e+00, 0.000000000000000e+00, 0.000000000000000e+00, 3.007568462556797e-01, 8.806991511465591e-05, 0.000000000000000e+00, 6.991550838851637e-01, -6.991257272076704e-01, 3.338809434381239e-01, -3.338809434381239e-01, -1.000000000000000e+00, -2.797895248818350e-11
4.681406943505146e+00, 9.992630063278150e-01, 7.375372324582852e-04, 6.903523649626733e-01, 2.617693415349455e-01, 0.000000000000000e+00, 0.000000000000000e+00, 0.000000000000000e+00, 3.003768222568458e-01, 8.790564003881293e-05, 0.000000000000000e+00, 6.995352721590025e-01, -6.995059702398962e-01, 3.338809434381239e-01, -3.338809434381239e-01, -1.000000000000000e+00, -2.794342535139549e-11
4.681887346223113e+00, 9.995944942225262e-01, 4.056702791157552e-04, 6.904781785061560e-01, 2.620143346336419e-01, 0.000000000000000e+00, 0.000000000000000e+00, 0.000000000000000e+00, 3.001677922144870e-01, 8.781533595396218e-05, 0.000000000000000e+00, 6.997443925054072e-01, -6.997151206876780e-01, 3.338809434381239e-01, -3.338809434381239e-01, -1.000000000000000e+00, -2.792410747076701e-11
4.682151623365452e+00, 9.997769236193508e-01, 2.231261548242269e-04, 6.905474407238047e-01, 2.621491874911271e-01, 0.000000000000000e+00, 0.000000000000000e+00, 0.000000000000000e+00, 3.000528206453286e-01, 8.776568300744343e-05, 0.000000000000000e+00, 6.998594137274906e-01, -6.998301584607522e-01, 3.338809434381239e-01, -3.338809434381239e-01, -1.000000000000000e+00, -2.791322728512569e-11
4.682296992626667e+00, 9.998772934046352e-01, 1.227216541213050e-04, 6.905855545506133e-01, 2.622233888543949e-01, 0.000000000000000e+00, 0.000000000000000e+00, 0.000000000000000e+00, 2.999895847641047e-01, 8.773837821599285e-05, 0.000000000000000e+00, 6.999226769134942e-01, -6.998934307483577e-01, 3.338809434381239e-01, -3.338809434381239e-01, -1.000000000000000e+00, -2.790745412539763e-11
4.682376950812225e+00, 9.999325069595183e-01, 6.749759609969708e-05, 6.906065230889304e-01, 2.622642093772553e-01, 0.000000000000000e+00, 0.000000000000000e+00, 0.000000000000000e+00, 2.999548045715428e-01, 8.772336189081388e-05, 0.000000000000000e+00, 6.999574721223749e-01, -6.999282309626828e-01, 3.338809434381239e-01, -3.338809434381239e-01, -1.000000000000000e+00, -2.790412345632376e-11
4.682420929354566e+00, 9.999628774926661e-01, 3.712388546550649e-05, 6.906180575803139e-01, 2.622866636219855e-01, 0.000000000000000e+00, 0.000000000000000e+00, 0.000000000000000e+00, 2.999356753273492e-01, 8.771510330836885e-05, 0.000000000000000e+00, 6.999766096251474e-01, -6.999473712183174e-01, 3.338809434381239e-01, -3.338809434381239e-01, -1.000000000000000e+00, -2.790234709948436e-11
4.682445118018788e+00, 9.999795822170868e-01, 2.041819980758142e-05, 6.906244020937230e-01, 2.622990143512612e-01, 0.000000000000000e+00, 0.000000000000000e+00, 0.000000000000000e+00, 2.999251542012494e-01, 8.771056120795151e-05, 0.000000000000000e+00, 6.999871352933457e-01, -6.999578984005500e-01, 3.338809434381239e-01, -3.338809434381239e-01, -1.000000000000000e+00, -2.790145892106466e-11
4.682458421925054e+00, 9.999887700972206e-01, 1.123002889147351e-05, 6.906278917404115e-01, 2.623058075230240e-01, 0.000000000000000e+00, 0.000000000000000e+00, 0.000000000000000e+00, 2.999193675692584e-01, 8.770806308900258e-05, 0.000000000000000e+00, 6.999929244234544e-01, -6.999636883633656e-01, 3.338809434381239e-01, -3.338809434381239e-01, -1.000000000000000e+00, -2.790079278724988e-11
4.682465739116137e+00, 9.999938235165122e-01, 6.176521637035748e-06, 6.906298110957969e-01, 2.623095438493722e-01, 0.000000000000000e+00, 0.000000000000000e+00, 0.000000000000000e+00, 2.999161849178418e-01, 8.770668913455594e-05, 0.000000000000000e+00, 6.999961084488248e-01, -6.999668728467211e-01, 3.338809434381239e-01, -3.338809434381239e-01, -1.000000000000000e+00, -2.790057074264496e-11
4.682469763584129e+00, 9.999966029229015e-01, 3.397088638612544e-06, 6.906308667562955e-01, 2.623115988536327e-01, 0.000000000000000e+00, 0.000000000000000e+00, 0.000000000000000e+00, 2.999144344584068e-01, 8.770593346293038e-05, 0.000000000000000e+00, 6.999978596639308e-01, -6.999686243137179e-01, 3.338809434381239e-01, -3.338809434381239e-01, -1.000000000000000e+00, -2.790012665343511e-11
4.682471977045427e+00, 9.999981316042138e-01, 1.868399277071831e-06, 6.906314473741183e-01, 2.623127291134686e-01, 0.000000000000000e+00, 0.000000000000000e+00, 0.000000000000000e+00, 2.999134717053681e-01, 8.770551784454067e-05, 0.000000000000000e+00, 6.999988228325879e-01, -6.999695876209144e-01, 3.338809434381239e-01, -3.338809434381239e-01, -1.000000000000000e+00, -2.790012665343511e-11
4.682473194450321e+00, 9.999989723812945e-01, 1.027619761506671e-06, 6.906317667152968e-01, 2.623133507586450e-01, 0.000000000000000e+00, 0.000000000000000e+00, 0.000000000000000e+00, 2.999129421910909e-01, 8.770528925473014e-05, 0.000000000000000e+00, 6.999993525754546e-01, -6.999701174399779e-01, 3.338809434381239e-01, -3.338809434381239e-01, -1.000000000000000e+00, -2.790012665343511e-11
4.682473864023369e+00, 9.999994348094026e-01, 5.651909169568370e-07, 6.906319423533612e-01, 2.623136926641777e-01, 0.000000000000000e+00, 0.000000000000000e+00, 0.000000000000000e+00, 2.999126509582066e-01, 8.770516353042626e-05, 0.000000000000000e+00, 6.999996439340633e-01, -6.999704088404946e-01, 3.338809434381239e-01, -3.338809434381239e-01, -1.000000000000000e+00, -2.790012665343511e-11
4.682474232288654e+00, 9.999996891450778e-01, 3.108550188368753e-07, 6.906320389544226e-01, 2.623138807124279e-01, 0.000000000000000e+00, 0.000000000000000e+00, 0.000000000000000e+00, 2.999124907801105e-01, 8.770509438208692e-05, 0.000000000000000e+00, 6.999998041813075e-01, -6.999705691107885e-01, 3.338809434381239e-01, -3.338809434381239e-01, -1.000000000000000e+00, -2.789990460883018e-11
4.682474434834593e+00, 9.999998290297645e-01, 1.709702648344802e-07, 6.906320920850444e-01, 2.623139841390284e-01, 0.000000000000000e+00, 0.000000000000000e+00, 0.000000000000000e+00, 2.999124026821547e-01, 8.770505635050871e-05, 0.000000000000000e+00, 6.999998923172950e-01, -6.999706572594531e-01, 3.338809434381239e-01, -3.338809434381239e-01, -1.000000000000000e+00, -2.790012665343511e-11
4.682474546234870e+00, 9.999999059663619e-01, 9.403364686910720e-08, 6.906321213068979e-01, 2.623140410236777e-01, 0.000000000000000e+00, 0.000000000000000e+00, 0.000000000000000e+00, 2.999123542282781e-01, 8.770503543314324e-05, 0.000000000000000e+00, 6.999999407920889e-01, -6.999707057412194e-01, 3.338809434381239e-01, -3.338809434381239e-01, -1.000000000000000e+00, -2.790012665343511e-11
4.682474646234870e+00, 9.999999750295713e-01, 2.497042927984694e-08, 6.906321475383045e-01, 2.623140920869789e-01, 0.000000000000000e+00, 0.000000000000000e+00, 0.000000000000000e+00, 2.999123107329874e-01, 8.770501665638326e-05, 0.000000000000000e+00, 6.999999843061567e-01, -6.999707492615459e-01, 3.338809434381239e-01, -3.338809434381239e-01, -1.000000000000000e+00, -2.790012665343511e-11
4.682474682390771e+00, 1.000000000000000e+00, 0.000000000000000e+00, 6.906321570225078e-01, 2.623141105493784e-01, 0.000000000000000e+00, 0.000000000000000e+00, 0.000000000000000e+00, 2.999122950068726e-01, 8.770500986747676e-05, 0.000000000000000e+00, 7.000000000390599e-01, -6.999707649967124e-01, 3.338809434381239e-01, -3.338809434381239e-01, -1.000000000000000e+00, -2.789990460883018e-11
