-1.5 1.87065e-72 5.04766e-49 0 1 0.997792 0.223712 0.219807 0.000876696 1 
-1.495 2.42607e-71 3.84502e-48 0 1 0.998246 0.23256 0.22787 0.00105515 0.991857 
-1.49 3.12991e-70 2.88139e-47 0 1 0.998649 0.241657 0.236151 0.00126742 0.983582 
-1.485 4.01589e-69 2.12189e-46 0 1 0.998999 0.251002 0.244653 0.00151935 0.975175 
-1.48 5.12333e-68 1.53511e-45 0 1 0.999297 0.260597 0.253376 0.00181767 0.966637 
-1.475 6.49741e-67 1.09163e-44 0 1 0.999543 0.270441 0.262322 0.00217014 0.957967 
-1.47 8.18926e-66 7.63352e-44 0 1 0.999737 0.280535 0.271491 0.00258561 0.949166 
-1.465 1.02555e-64 5.24919e-43 0 1 0.999877 0.290878 0.280883 0.00307422 0.940234 
-1.46 1.27577e-63 3.54497e-42 0 1 0.999965 0.301469 0.290499 0.00364749 0.931171 
-1.455 1.57608e-62 2.34785e-41 0 1 1 0.312306 0.300337 0.00431848 0.921978 
-1.45 1.93314e-61 1.5245e-40 0 1 0.999982 0.323386 0.310398 0.00510196 0.912656 
-1.445 2.35348e-60 9.70546e-40 0 1 0.999911 0.334709 0.32068 0.00601455 0.903206 
-1.44 2.84315e-59 6.07313e-39 0 1 0.999786 0.346269 0.331182 0.00707492 0.893628 
-1.435 3.40736e-58 3.752e-38 0 1 0.999608 0.358064 0.341901 0.0083039 0.883923 
-1.43 4.04982e-57 2.3017e-37 0 1 0.999376 0.370089 0.352836 0.00972471 0.874093 
-1.425 4.77237e-56 1.40721e-36 0 1 0.999091 0.38234 0.363983 0.0113631 0.864139 
-1.42 5.57417e-55 8.59262e-36 0 1 0.998753 0.39481 0.375339 0.0132474 0.854062 
-1.415 6.45124e-54 5.21586e-35 0 1 0.99836 0.407493 0.3869 0.0154089 0.843863 
-1.41 7.39595e-53 3.13716e-34 0 1 0.997914 0.420383 0.398661 0.0178817 0.833546 
-1.405 8.3964e-52 1.87382e-33 0 1 0.997414 0.433472 0.410619 0.0207031 0.82311 
-1.4 9.43633e-51 1.11141e-32 0 1 0.99686 0.446752 0.422766 0.0239135 0.812559 
-1.395 1.0495e-49 5.36026e-32 0 1 0.996252 0.460214 0.435098 0.0275561 0.801895 
-1.39 1.15474e-48 2.93618e-31 0 1 0.995591 0.473848 0.447608 0.0316778 0.79112 
-1.385 1.25649e-47 1.58356e-30 0 1 0.994875 0.487644 0.460289 0.0363282 0.780236 
-1.38 1.35163e-46 8.43309e-30 0 1 0.994106 0.501591 0.473132 0.0415599 0.769245 
-1.375 1.43691e-45 4.41079e-29 0 1 0.993283 0.515678 0.48613 0.0474285 0.758152 
-1.37 1.50908e-44 2.26483e-28 0 1 0.992405 0.529891 0.499273 0.0539917 0.746959 
-1.365 1.5651e-43 1.13926e-27 0 1 0.991474 0.544218 0.512552 0.0613098 0.735668 
-1.36 1.60237e-42 5.60701e-27 0 1 0.990489 0.558646 0.525958 0.0694445 0.724285 
-1.355 1.61882e-41 2.70128e-26 0 1 0.989451 0.573158 0.539478 0.0784587 0.712811 
-1.35 1.61317e-40 1.27512e-25 0 1 0.988358 0.587741 0.553102 0.0884162 0.70125 
-1.345 1.58502e-39 5.89976e-25 0 1 0.987212 0.602378 0.566818 0.09938 0.689608 
-1.34 1.5349e-38 2.67061e-24 0 1 0.986013 0.617053 0.580613 0.111413 0.677887 
-1.335 1.46432e-37 1.18103e-23 0 1 0.984759 0.631748 0.594473 0.124574 0.666092 
-1.33 1.37566e-36 5.10133e-23 0 1 0.983453 0.646445 0.608386 0.138922 0.654227 
-1.325 1.2721e-35 2.15685e-22 0 1 0.982093 0.661127 0.622336 0.154508 0.642298 
-1.32 1.15736e-34 8.98222e-22 0 1 0.980679 0.675774 0.636308 0.171381 0.630309 
-1.315 1.0355e-33 3.71735e-21 0 1 0.979213 0.690366 0.650287 0.189581 0.618265 
-1.31 9.1068e-33 1.53841e-20 0 1 0.977694 0.704883 0.664257 0.209141 0.606171 
-1.305 7.8688e-32 6.37668e-20 0 1 0.976121 0.719305 0.6782 0.230082 0.594034 
-1.3 6.67675e-31 2.62748e-19 0 1 0.974496 0.73361 0.692101 0.252417 0.581857 
-1.295 5.56057e-30 1.0763e-18 0 1 0.972819 0.747778 0.70594 0.276145 0.569649 
-1.29 4.54304e-29 4.39315e-18 0 1 0.971089 0.761785 0.7197 0.30125 0.557413 
-1.285 3.63935e-28 1.38712e-17 0 1 0.969307 0.775611 0.733362 0.327703 0.545157 
-1.28 2.85705e-27 5.11408e-17 0 1 0.967472 0.789232 0.746907 0.355458 0.532887 
-1.275 2.19682e-26 1.85589e-16 0 1 0.965586 0.802626 0.760316 0.384449 0.52061 
-1.27 1.65352e-25 6.60989e-16 0 1 0.963649 0.81577 0.773569 0.414595 0.508331 
-1.265 1.21763e-24 2.3074e-15 0 1 0.961659 0.828641 0.786645 0.445794 0.496059 
-1.26 8.76731e-24 7.86751e-15 0 1 0.959619 0.841216 0.799525 0.477923 0.4838 
-1.255 6.16877e-23 2.61378e-14 2.4076e-307 1 0.957528 0.853471 0.812188 0.510843 0.471561 
-1.25 4.23889e-22 8.46323e-14 4.66818e-297 1 0.955385 0.865385 0.824612 0.544393 0.45935 
-1.245 2.84285e-21 2.6753e-13 7.06864e-287 1 0.953193 0.876933 0.836778 0.578394 0.447173 
-1.24 1.85966e-20 8.26014e-13 8.30384e-277 1 0.950949 0.888094 0.848665 0.612647 0.435039 
-1.235 1.18579e-19 2.48405e-12 7.51512e-267 1 0.948656 0.898845 0.86025 0.64694 0.422955 
-1.23 7.36524e-19 7.27033e-12 5.20342e-257 1 0.946313 0.909163 0.871514 0.681042 0.410929 
-1.225 4.45329e-18 2.07374e-11 2.73646e-247 1 0.943921 0.919028 0.882435 0.714711 0.398969 
-1.22 2.61933e-17 5.81026e-11 1.08509e-237 1 0.941479 0.928417 0.892993 0.747695 0.387082 
-1.215 1.49763e-16 1.62031e-10 3.22005e-228 1 0.938989 0.93731 0.903167 0.779733 0.375277 
-1.21 8.31792e-16 4.54229e-10 7.09601e-219 1 0.93645 0.945688 0.912937 0.81056 0.363561 
-1.205 4.48433e-15 1.27987e-09 1.15221e-209 1 0.933862 0.95353 0.922283 0.83991 0.351942 
-1.2 2.34491e-14 3.59378e-09 1.36745e-200 1 0.931227 0.960817 0.931185 0.867517 0.340429 
-1.195 1.1884e-13 1.00866e-08 1.17654e-191 1 0.928544 0.967533 0.939624 0.893125 0.329028 
-1.19 5.83273e-13 2.14786e-08 7.27715e-183 1 0.925813 0.97366 0.947582 0.916484 0.31775 
-1.185 2.77011e-12 5.35187e-08 3.20808e-174 1 0.923036 0.979181 0.955039 0.937361 0.3066 
-1.18 1.27199e-11 1.3059e-07 9.99213e-166 1 0.920212 0.984083 0.96198 0.955538 0.295587 
-1.175 5.64242e-11 3.13995e-07 2.17915e-157 1 0.917342 0.98835 0.968387 0.970819 0.284718 
-1.17 2.41583e-10 7.34894e-07 3.29716e-149 1 0.914427 0.99197 0.974244 0.983034 0.274001 
-1.165 1.00478e-09 1.67019e-06 3.77102e-141 1 0.911465 0.994931 0.979535 0.992039 0.263444 
-1.16 4.00933e-09 3.68786e-06 2.77948e-133 1 0.908459 0.997224 0.984247 0.997721 0.253054 
-1.155 1.53478e-08 7.90915e-06 1.32109e-125 1 0.905408 0.998838 0.988366 1 0.242837 
-1.15 5.59624e-08 1.6465e-05 3.68927e-118 1 0.902312 0.999765 0.991879 0.99883 0.232801 
-1.145 1.9801e-07 3.33383e-05 7.76062e-111 1 0.899173 1 0.994776 0.994201 0.222952 
-1.14 6.72462e-07 6.54571e-05 1.06704e-103 1 0.89599 0.999537 0.997044 0.986139 0.213297 
-1.135 2.18979e-06 0.000125031 9.4867e-97 1 0.892764 0.998372 0.998677 0.974706 0.203842 
-1.13 6.83038e-06 0.000235631 5.39418e-90 1 0.889496 0.996504 0.999664 0.959999 0.194592 
-1.125 2.03861e-05 0.000446458 1.93962e-83 1 0.886185 0.993931 1 0.942151 0.185553 
-1.12 5.81572e-05 0.000858413 4.36003e-77 1 0.882833 0.990655 0.999679 0.921323 0.17673 
-1.115 0.000158407 0.00165701 6.05524e-71 1 0.879439 0.986677 0.998696 0.897711 0.168128 
-1.11 0.000411485 0.0032152 5.13332e-65 1 0.876004 0.982003 0.997049 0.871534 0.159752 
-1.105 0.00101822 0.00452047 2.62384e-59 1 0.872529 0.976636 0.994736 0.843034 0.151604 
-1.1 0.00239733 0.00760903 7.9847e-54 1 0.869015 0.970584 0.991757 0.812474 0.14369 
-1.095 0.00536394 0.0125617 1.42809e-48 1 0.865461 0.963856 0.988112 0.780132 0.136012 
-1.09 0.0113913 0.0202364 1.48143e-43 1 0.861868 0.956462 0.983805 0.746296 0.128572 
-1.085 0.0229322 0.0316339 8.79348e-39 1 0.858237 0.948413 0.978839 0.711261 0.121373 
-1.08 0.0437059 0.0477231 2.94564e-34 1 0.854568 0.939722 0.973219 0.675324 0.114417 
-1.075 0.0787552 0.0695747 5.49001e-30 1 0.850861 0.930404 0.966953 0.638779 0.107705 
-1.07 0.133991 0.0983911 5.61103e-26 1 0.847118 0.920475 0.960049 0.601915 0.101238 
-1.065 0.214943 0.134605 3.09838e-22 1 0.843338 0.90995 0.952515 0.56501 0.0950156 
-1.06 0.324643 0.177957 9.10418e-19 1 0.839522 0.89885 0.944364 0.528328 0.0890381 
-1.055 0.460993 0.229131 1.40154e-15 1 0.835671 0.887194 0.935607 0.492117 0.0833048 
-1.05 0.614524 0.294405 1.11248e-12 1 0.831785 0.875002 0.926257 0.456606 0.0778144 
-1.045 0.767852 0.386372 4.47939e-10 1 0.827865 0.862297 0.916331 0.422 0.0725652 
-1.04 0.89791 0.51602 8.99756e-08 1 0.823911 0.849102 0.905843 0.388484 0.0675549 
-1.035 0.981094 0.697722 8.86291e-06 1 0.819925 0.83544 0.894811 0.356215 0.062781 
-1.03 1 0.663173 0.000420686 1 0.815905 0.821338 0.883254 0.325328 0.0582403 
-1.025 0.949234 0.761972 0.00945092 1 0.811854 0.806819 0.871192 0.295932 0.053929 
-1.02 0.837693 0.857349 0.0986597 1 0.807771 0.791912 0.858644 0.26811 0.0498433 
-1.015 0.686075 0.937499 0.46965 1 0.803658 0.776644 0.845633 0.241922 0.0459786 
-1.01 0.520537 0.987716 1 1 0.799514 0.761042 0.832181 0.217406 0.0423301 
-1.005 0.364616 1 0.931922 1 0.795341 0.745134 0.818311 0.194577 0.0388924 
-1 0.236467 0.974428 0.374702 1 0.791138 0.72895 0.804049 0.17343 0.0356601 
-0.995 0.141042 0.917658 0.0632914 1 0.786907 0.712519 0.789418 0.153943 0.0326272 
-0.99 0.0773388 0.83209 0.00440538 1 0.782648 0.695869 0.774444 0.13608 0.0297875 
-0.985 0.0389079 0.73385 0.000123636 1 0.778361 0.67903 0.759153 0.119788 0.0271345 
-0.98 0.0179211 0.651362 1.36816e-06 1 0.774048 0.662032 0.743572 0.105005 0.0246615 
-0.975 0.00754141 0.598855 5.83492e-09 1 0.769708 0.644904 0.727728 0.091659 0.0223616 
-0.97 0.00289303 0.564116 9.36822e-12 1 0.765343 0.627674 0.711648 0.0796707 0.0202277 
-0.965 0.00100947 0.394629 5.52807e-15 1 0.760953 0.610372 0.695359 0.068956 0.0182527 
-0.96 0.000319655 0.316025 1.16975e-18 1 0.756539 0.593026 0.678889 0.0594274 0.0164292 
-0.955 9.16413e-05 0.247453 8.65484e-23 1 0.752101 0.575665 0.662266 0.0509956 0.0147498 
-0.95 2.3729e-05 0.188224 2.1819e-27 1 0.74764 0.558316 0.645516 0.0435714 0.0132073 
-0.945 5.53568e-06 0.137434 1.82517e-32 1 0.743157 0.541005 0.628668 0.0370667 0.0117942 
-0.94 1.16056e-06 0.0957648 4.93016e-38 1 0.738652 0.523761 0.611749 0.0313958 0.0105032 
-0.935 2.18094e-07 0.0641603 4.18213e-44 1 0.734126 0.506607 0.594786 0.0264762 0.0093271 
-0.93 3.66388e-08 0.0412987 1.08266e-50 1 0.729579 0.48957 0.577804 0.0222294 0.00825867 
-0.925 5.48752e-09 0.0255659 8.30662e-58 1 0.725012 0.472672 0.560831 0.0185814 0.00729093 
-0.92 7.30689e-10 0.0156559 1.83287e-65 1 0.720426 0.455937 0.543892 0.0154632 0.00641703 
-0.915 8.62513e-11 0.00997309 1.12778e-73 1 0.715821 0.439388 0.527011 0.0128109 0.00563029 
-0.91 8.99904e-12 0.00664228 1.87485e-82 1 0.711198 0.423045 0.510214 0.0105661 0.00492427 
-0.905 8.27395e-13 0.00329709 8.15202e-92 1 0.706557 0.406927 0.493523 0.00867549 0.00429272 
-0.9 6.683e-14 0.00184843 8.96745e-102 1 0.7019 0.391055 0.476961 0.00709101 0.00372966 
-0.895 4.72709e-15 0.00101209 2.41183e-112 1 0.697227 0.375445 0.46055 0.00576964 0.00322937 
-0.89 2.91853e-16 0.000536258 1.53138e-123 1 0.692539 0.360114 0.444312 0.00467313 0.00278638 
-0.885 1.56758e-17 0.000270513 2.21444e-135 1 0.687836 0.345078 0.428266 0.00376771 0.00239553 
-0.88 7.29963e-19 0.000129719 7.02859e-148 1 0.683118 0.330349 0.412431 0.00302377 0.00205195 
-0.875 2.93664e-20 5.96572e-05 4.71468e-161 1 0.678387 0.315943 0.396826 0.00241553 0.00175103 
-0.87 1.01697e-21 2.62447e-05 6.42893e-175 1 0.673643 0.301869 0.381468 0.00192071 0.00148848 
-0.865 3.02042e-23 1.12818e-05 1.71241e-189 1 0.668887 0.288138 0.366372 0.00152016 0.00126032 
-0.86 7.66424e-25 5.06e-06 8.55196e-205 1 0.664118 0.27476 0.351552 0.00119752 0.00106282 
-0.855 1.65509e-26 2.42257e-06 7.67833e-221 1 0.659339 0.261742 0.337024 0.000938943 0.000892572 
-0.85 3.02958e-28 8.423e-07 1.18704e-237 1 0.654549 0.249092 0.322799 0.000732736 0.000746425 
-0.845 4.68128e-30 3.33613e-07 3.02284e-255 1 0.64975 0.236815 0.308889 0.000569115 0.000621507 
-0.84 6.08037e-32 1.2894e-07 1.21152e-273 1 0.644941 0.224914 0.295304 0.000439936 0.000515204 
-0.835 6.60985e-34 4.78179e-08 7.29347e-293 1 0.640125 0.213395 0.282054 0.000338461 0.000425147 
-0.83 5.98715e-36 1.67135e-08 0 1 0.635301 0.202257 0.269145 0.000259148 0.000349206 
-0.825 4.49804e-38 5.55621e-09 0 1 0.630469 0.191504 0.256585 0.000197469 0.000285468 
-0.82 2.78969e-40 1.76204e-09 0 1 0.625631 0.181134 0.24438 0.000149746 0.000232232 
-0.815 1.42143e-42 5.39904e-10 0 1 0.620787 0.171147 0.232534 0.000113008 0.000187985 
-0.81 5.92071e-45 1.72432e-10 0 1 0.615937 0.161542 0.221051 8.48701e-05 0.000151395 
-0.805 2.0058e-47 6.0178e-11 0 1 0.611083 0.152314 0.209934 6.3428e-05 0.000121294 
-0.8 5.4978e-50 1.48358e-11 0 1 0.606224 0.143461 0.199183 4.71717e-05 9.66605e-05 
-0.795 1.21267e-52 4.20947e-12 0 1 0.601363 0.134979 0.1888 3.491e-05 7.66113e-05 
-0.79 2.08716e-55 1.15966e-12 0 1 0.596498 0.126862 0.178785 2.57086e-05 6.0383e-05 
-0.785 3.00691e-58 3.04873e-13 0 1 0.591632 0.119105 0.169135 1.88391e-05 4.73216e-05 
-0.78 3.34146e-61 7.48141e-14 0 1 0.586765 0.111701 0.15985 1.37369e-05 3.68698e-05 
-0.775 2.92e-64 1.74572e-14 0 1 0.581896 0.104642 0.150925 9.96674e-06 2.85558e-05 
-0.77 1.99422e-67 3.88731e-15 0 1 0.577027 0.097922 0.142358 7.19531e-06 2.1982e-05 
-0.765 1.05767e-70 8.84115e-16 0 1 0.572158 0.0915324 0.134144 5.16857e-06 1.68165e-05 
-0.76 4.32782e-74 2.25028e-16 0 1 0.567289 0.0854647 0.126278 3.69409e-06 1.2783e-05 
-0.755 1.35713e-77 4.11423e-17 0 1 0.562422 0.0797101 0.118754 2.62697e-06 9.65393e-06 
-0.75 3.23891e-81 8.51293e-18 0 1 0.557557 0.0742595 0.111566 1.85868e-06 7.2424e-06 
-0.745 5.84137e-85 1.7131e-18 0 1 0.552695 0.0691036 0.104707 1.30843e-06 5.39642e-06 
-0.74 7.90303e-89 3.23486e-19 0 1 0.547837 0.0642326 0.0981706 9.16402e-07 3.99308e-06 
-0.735 7.96094e-93 5.7008e-20 0 1 0.542983 0.0596369 0.0919485 6.38565e-07 2.93376e-06 
-0.73 5.92471e-97 9.52126e-21 0 1 0.538133 0.0553063 0.0860329 4.42691e-07 2.13988e-06 
-0.725 3.23173e-101 1.54696e-21 0 1 0.533288 0.051231 0.0804153 3.05329e-07 1.54928e-06 
-0.72 1.28147e-105 2.78497e-22 0 1 0.528448 0.0474009 0.0750873 2.09507e-07 1.11322e-06 
-0.715 3.66284e-110 5.76337e-23 0 1 0.523614 0.0438059 0.0700399 1.43016e-07 7.9373e-07 
-0.71 7.4815e-115 6.26239e-24 0 1 0.518787 0.040436 0.065264 9.71229e-08 5.61475e-07 
-0.705 1.08227e-119 9.39528e-25 0 1 0.513967 0.0372812 0.0607506 6.5615e-08 3.93988e-07 
-0.7 1.09863e-124 1.32225e-25 0 1 0.509156 0.0343318 0.0564903 4.40984e-08 2.74192e-07 
-0.695 7.75203e-130 1.72197e-26 0 1 0.504353 0.0315781 0.0524738 2.94832e-08 1.89222e-07 
-0.69 3.76516e-135 2.1177e-27 0 1 0.49956 0.0290103 0.0486916 1.96088e-08 1.29467e-07 
-0.685 1.22962e-140 2.57791e-28 0 1 0.494775 0.0266192 0.0451344 1.29733e-08 8.78088e-08 
-0.68 2.78166e-146 3.67177e-29 0 1 0.489999 0.0243955 0.0417928 8.5382e-09 5.90241e-08 
-0.675 4.1429e-152 3.69429e-30 0 1 0.485235 0.0223302 0.0386575 5.58972e-09 3.93146e-08 
-0.67 4.07197e-158 4.21622e-31 0 1 0.480481 0.0204147 0.0357194 3.64013e-09 2.59437e-08 
-0.665 2.61138e-164 4.63327e-32 0 1 0.47574 0.0186405 0.0329693 2.35798e-09 1.69582e-08 
-0.66 1.08e-170 4.64594e-33 0 1 0.471011 0.0169994 0.0303984 1.51934e-09 1.09778e-08 
-0.655 2.84593e-177 4.35715e-34 0 1 0.466295 0.0154835 0.0279977 9.73772e-10 7.03643e-09 
-0.65 4.71925e-184 3.95875e-35 0 1 0.461592 0.014085 0.0257589 6.20783e-10 4.46487e-09 
-0.645 4.86186e-191 4.20611e-36 0 1 0.456901 0.0127967 0.0236735 3.9364e-10 2.80412e-09 
-0.64 3.07092e-198 3.27967e-37 0 1 0.452225 0.0116115 0.0217332 2.48274e-10 1.74272e-09 
-0.635 1.17313e-205 2.8424e-38 0 1 0.447563 0.0105227 0.0199304 1.55751e-10 1.07155e-09 
-0.63 2.67259e-213 2.36031e-39 0 1 0.442917 0.00952366 0.0182571 9.71827e-11 6.51726e-10 
-0.625 3.57875e-221 1.77082e-40 0 1 0.438288 0.00860843 0.016706 6.0312e-11 3.92004e-10 
-0.62 2.7747e-229 1.24208e-41 0 1 0.433674 0.00777108 0.0152699 3.72279e-11 2.33131e-10 
-0.615 1.22664e-237 8.90363e-43 0 1 0.429076 0.00700606 0.0139419 2.28549e-11 1.37056e-10 
-0.61 3.04269e-246 8.1776e-44 0 1 0.424494 0.00630808 0.0127154 1.39551e-11 7.96331e-11 
-0.605 4.16621e-255 4.12652e-45 0 1 0.41993 0.00567215 0.0115839 8.4747e-12 4.57183e-11 
-0.6 3.09573e-264 2.71156e-46 0 1 0.415384 0.00509358 0.0105414 5.1186e-12 2.59294e-11 
-0.595 1.22665e-273 1.61708e-47 0 1 0.410858 0.00456795 0.00958208 3.07474e-12 1.45246e-11 
-0.59 2.54528e-283 8.85675e-49 0 1 0.40635 0.00409109 0.00870035 1.83691e-12 8.03388e-12 
-0.585 2.71459e-293 4.80199e-50 0 1 0.40186 0.0036591 0.00789093 1.09141e-12 4.38693e-12 
-0.58 1.4595e-303 3.39477e-51 0 1 0.39739 0.00326831 0.0071488 6.44919e-13 2.36434e-12 
-0.575 3.87803e-314 1.36792e-52 0 1 0.39294 0.00291528 0.00646919 3.78996e-13 1.2574e-12 
-0.57 0 6.99702e-54 0 1 0.38851 0.00259684 0.0058476 2.21501e-13 6.59706e-13 
-0.565 0 3.20928e-55 0 1 0.384103 0.00231001 0.00527977 1.28743e-13 3.4138e-13 
-0.56 0 1.35147e-56 0 1 0.379716 0.00205203 0.0047617 7.44179e-14 1.74195e-13 
-0.555 0 5.96292e-58 0 1 0.375351 0.00182035 0.00428961 4.27788e-14 8.76276e-14 
-0.55 0 2.43037e-59 0 1 0.371007 0.00161257 0.00385993 2.44554e-14 4.34459e-14 
-0.545 0 9.98457e-61 0 1 0.366685 0.00142651 0.00346934 1.39032e-14 2.12254e-14 
-0.54 0 3.8673e-62 0 1 0.362388 0.00126015 0.00311472 7.86041e-15 1.02154e-14 
-0.535 0 1.32143e-63 0 1 0.358114 0.00111161 0.00279315 4.41946e-15 4.84226e-15 
-0.53 0 4.37574e-65 0 1 0.353863 0.0009792 0.00250192 2.47104e-15 2.26008e-15 
-0.525 0 2.02121e-66 0 1 0.349636 0.000861333 0.00223849 1.37396e-15 1.03843e-15 
-0.52 0 4.86775e-68 0 1 0.345432 0.000756568 0.00200049 7.59714e-16 4.69576e-16 
-0.515 0 1.53148e-69 0 1 0.341255 0.000663589 0.00178575 4.1774e-16 2.0893e-16 
-0.51 0 4.1998e-71 0 1 0.337103 0.000581196 0.00159221 2.28426e-16 9.14441e-17 
-0.505 0 1.10833e-72 0 1 0.332976 0.000508297 0.00141802 1.24213e-16 3.9361e-17 
-0.5 0 4.2831e-74 0 1 0.328874 0.000443897 0.00126142 6.71687e-17 1.6658e-17 
-0.495 0 7.92956e-76 0 1 0.324799 0.000387089 0.00112081 3.61196e-17 6.92985e-18 
-0.49 0 1.96841e-77 0 1 0.320751 0.000337056 0.000994729 1.93151e-17 2.83309e-18 
-0.485 0 4.23892e-79 0 1 0.316731 0.000293057 0.000881801 1.02714e-17 1.13796e-18 
-0.48 0 9.67323e-81 0 1 0.312738 0.000254427 0.000780784 5.43188e-18 4.4897e-19 
-0.475 0 1.99038e-82 0 1 0.308771 0.000220563 0.000690535 2.85663e-18 1.73952e-19 
-0.47 0 4.24172e-84 0 1 0.304833 0.000190921 0.000610006 1.49396e-18 6.61691e-20 
-0.465 0 7.88919e-86 0 1 0.300926 0.000165017 0.000538239 7.76977e-19 2.47056e-20 
-0.46 0 1.3499e-87 0 1 0.297047 0.000142415 0.000474359 4.01856e-19 9.05198e-21 
-0.455 0 3.56229e-89 0 1 0.293197 0.000122725 0.000417572 2.06697e-19 3.25388e-21 
-0.45 0 4.28915e-91 0 1 0.289376 0.0001056 0.000367152 1.05731e-19 1.14727e-21 
-0.445 0 6.84021e-93 0 1 0.285588 9.07279e-05 0.000322442 5.37862e-20 3.96678e-22 
-0.44 0 9.56608e-95 0 1 0.281831 7.78333e-05 0.000282843 2.72114e-20 1.34468e-22 
-0.435 0 1.93876e-96 0 1 0.278104 6.66716e-05 0.000247816 1.36918e-20 4.46801e-23 
-0.43 0 2.06911e-98 0 1 0.274409 5.70254e-05 0.000216872 6.85189e-21 1.45489e-23 
-0.425 0 2.74392e-100 0 1 0.270748 4.87019e-05 0.000189568 3.41036e-21 4.64162e-24 
-0.42 0 3.17723e-102 0 1 0.267121 4.15311e-05 0.000165506 1.68828e-21 1.45059e-24 
-0.415 0 5.98394e-104 0 1 0.263527 3.53636e-05 0.000144327 8.31308e-22 4.43986e-25 
-0.41 0 4.76835e-106 0 1 0.259966 3.00678e-05 0.000125711 4.07173e-22 1.33063e-25 
-0.405 0 5.02623e-108 0 1 0.256444 2.55274e-05 0.000109366 1.98382e-22 3.90412e-26 
-0.4 0 5.06316e-110 0 1 0.252957 2.16409e-05 9.5034e-05 9.61503e-23 1.12122e-26 
-0.395 0 5.06275e-112 0 1 0.249507 1.83198e-05 8.24824e-05 4.63616e-23 3.15126e-27 
-0.39 0 5.04996e-114 0 1 0.246095 1.54863e-05 7.15039e-05 2.22413e-23 8.66631e-28 
-0.385 0 4.13051e-116 0 1 0.242724 1.30725e-05 6.19132e-05 1.06164e-23 2.3317e-28 
-0.38 0 4.91318e-118 0 1 0.239392 1.10196e-05 5.35454e-05 5.04238e-24 6.13671e-29 
-0.375 0 3.09408e-120 0 1 0.2361 9.27657e-06 4.62537e-05 2.38339e-24 1.57967e-29 
-0.37 0 2.29989e-122 0 1 0.232854 7.79886e-06 3.99075e-05 1.12124e-24 3.97664e-30 
-0.365 0 1.81001e-124 0 1 0.229652 6.54801e-06 3.43913e-05 5.25034e-25 9.78904e-31 
-0.36 0 1.20184e-126 0 1 0.226495 5.49094e-06 2.96023e-05 2.44748e-25 2.35614e-31 
-0.355 0 8.03339e-129 0 1 0.223387 4.59901e-06 2.54501e-05 1.13599e-25 5.54459e-32 
-0.35 0 4.97252e-131 0 1 0.22033 3.84749e-06 2.18542e-05 5.25065e-26 1.27562e-32 
-0.345 0 3.02723e-133 0 1 0.217322 3.21528e-06 1.87442e-05 2.41719e-26 2.86914e-33 
-0.34 0 1.76335e-135 0 1 0.214371 2.68426e-06 1.60576e-05 1.10862e-26 6.30895e-34 
-0.335 0 9.37525e-138 0 1 0.211477 2.23883e-06 1.37398e-05 5.06661e-27 1.35628e-34 
-0.33 0 4.91304e-140 0 1 0.208642 1.86574e-06 1.17426e-05 2.30792e-27 2.85068e-35 
-0.325 0 2.41745e-142 0 1 0.205872 1.55369e-06 1.00238e-05 1.0482e-27 5.85868e-36 
-0.32 0 1.21383e-144 0 1 0.203168 1.29303e-06 8.54644e-06 4.74826e-28 1.17747e-36 
-0.315 0 5.13838e-147 0 1 0.200534 1.07558e-06 7.27815e-06 2.14599e-28 2.3146e-37 
-0.31 0 2.05671e-149 0 1 0.197977 8.94416e-07 6.19074e-06 9.68146e-29 4.45113e-38 
-0.305 0 1.26438e-151 0 1 0.1955 7.43641e-07 5.25955e-06 4.36188e-29 8.37603e-39 
-0.3 0 3.37513e-154 0 1 0.193107 6.18314e-07 4.46312e-06 1.96353e-29 1.54284e-39 
-0.295 0 1.10413e-156 0 1 0.190808 5.14247e-07 3.78282e-06 8.8374e-30 2.78279e-40 
-0.29 0 4.01007e-159 0 1 0.188606 4.27908e-07 3.2024e-06 3.97933e-30 4.91713e-41 
-0.285 0 1.29807e-161 0 1 0.186511 3.56356e-07 2.70783e-06 1.79395e-30 8.5159e-42 
-0.28 0 5.65215e-164 0 1 0.184531 2.97095e-07 2.28694e-06 8.10453e-31 1.44646e-42 
-0.275 0 1.24335e-166 0 1 0.182673 2.48053e-07 1.92918e-06 3.67224e-31 2.41124e-43 
-0.27 0 3.24288e-169 0 1 0.180953 2.07498e-07 1.62546e-06 1.67077e-31 3.94794e-44 
-0.265 0 9.01884e-172 0 1 0.179377 1.73972e-07 1.36794e-06 7.64169e-32 6.35473e-45 
-0.26 0 2.09507e-174 0 1 0.177964 1.46281e-07 1.14986e-06 3.51811e-32 1.00664e-45 
-0.255 0 5.20485e-177 0 1 0.176724 1.23413e-07 9.65411e-07 1.63292e-32 1.57113e-46 
-0.25 0 1.16377e-179 0 1 0.175679 1.04542e-07 8.09589e-07 7.65297e-33 2.41927e-47 
-0.245 0 2.47853e-182 0 1 0.174847 8.89769e-08 6.7812e-07 3.62879e-33 3.68093e-48 
-0.24 0 5.1775e-185 0 1 0.174249 7.615e-08 5.67331e-07 1.74434e-33 5.54327e-49 
-0.235 0 9.59534e-188 0 1 0.173914 6.55926e-08 4.74085e-07 8.52061e-34 8.27836e-50 
-0.23 0 1.83666e-190 0 1 0.173867 5.69188e-08 3.95699e-07 4.24034e-34 1.22867e-50 
-0.225 0 3.02513e-193 0 1 0.174147 4.98149e-08 3.29886e-07 2.15614e-34 1.81672e-51 
-0.22 0 5.19091e-196 0 1 0.174789 4.40234e-08 2.74698e-07 1.12387e-34 2.68339e-52 
-0.215 0 7.7639e-199 0 1 0.175841 3.93396e-08 2.28473e-07 6.02651e-35 3.97143e-53 
-0.21 0 1.05919e-201 0 1 0.177355 3.55988e-08 1.89806e-07 3.33801e-35 5.90956e-54 
-0.205 0 0 0 1 0.179392 3.26759e-08 1.57498e-07 1.91819e-35 8.87493e-55 
-0.2 0 0 0 1 0.182025 3.0478e-08 1.30537e-07 1.14933e-35 1.35087e-55 
-0.195 0 0 0 1 0.185338 2.89452e-08 1.08066e-07 7.21963e-36 2.09391e-56 
-0.19 0 0 0 1 0.189435 2.80511e-08 8.93585e-08 4.78339e-36 3.32264e-57 
-0.185 0 0 0 1 0.19443 2.78043e-08 7.38038e-08 3.36536e-36 5.42911e-58 
-0.18 0 0 0 1 0.20047 2.82616e-08 6.08861e-08 2.53264e-36 9.19418e-59 
-0.175 0 0 0 1 0.207718 2.9537e-08 5.01712e-08 2.05563e-36 1.62536e-59 
-0.17 0 0 0 1 0.21638 3.18359e-08 4.1294e-08 1.81533e-36 3.02344e-60 
-0.165 0 0 0 1 0.226697 3.54962e-08 3.39485e-08 1.76151e-36 5.96994e-61 
-0.16 0 0 0 1 0.238952 4.10737e-08 2.78774e-08 1.89811e-36 1.26345e-61 
-0.155 0 0 0 1 0.253496 4.94932e-08 2.28656e-08 2.29753e-36 2.89652e-62 
-0.15 0 0 0 1 0.270735 6.23148e-08 1.87334e-08 3.16348e-36 7.27771e-63 
-0.145 0 0 0 1 0.291148 8.22608e-08 1.53303e-08 5.02117e-36 2.02974e-63 
-0.14 0 0 0 1 0.315304 1.14239e-07 1.25311e-08 9.31987e-36 6.37177e-64 
-0.135 0 0 0 1 0.343843 1.67416e-07 1.02313e-08 2.05408e-35 2.28566e-64 
-0.13 0 0 0 1 0.377479 2.59629e-07 8.34403e-09 5.46166e-35 9.52373e-65 
-0.125 0 0 0 1 0.416973 4.27051e-07 6.79718e-09 1.78141e-34 4.69161e-65 
-0.12 0 0 0 1 0.46307 7.46161e-07 5.53082e-09 7.25107e-34 2.78472e-65 
-0.115 0 0 0 1 0.51638 1.38561e-06 4.49526e-09 3.7474e-33 2.03229e-65 
-0.11 0 0 0 1 0.577202 2.73265e-06 3.64947e-09 2.50143e-32 1.86326e-65 
-0.105 0 0 0 1 0.645239 5.71008e-06 2.95949e-09 2.19269e-31 2.19528e-65 
-0.1 0 0 0 1 0.719191 1.25863e-05 2.39726e-09 2.56319e-30 3.40373e-65 
-0.095 0 0 0 1 0.796224 2.90657e-05 1.93965e-09 4.04956e-29 7.11796e-65 
-0.09 0 0 0 1 0.871419 6.96414e-05 1.56764e-09 8.73841e-28 2.05901e-64 
-0.085 0 0 0 1 0.937331 0.000170875 1.26556e-09 2.5926e-26 8.45275e-64 
-0.08 0 0 0 1 0.984 0.000422146 1.02056e-09 1.05906e-24 5.05206e-63 
-0.075 0 0 0 1 0.999862 0.00102803 8.22072e-10 5.92362e-23 4.50749e-62 
-0.07 0 0 0 1 0.973964 0.00240478 6.61451e-10 4.47251e-21 6.14889e-61 
-0.065 0 0 0 1 0.899514 0.00523934 5.31623e-10 4.44555e-19 1.3112e-59 
-0.06 0 0 0 1 0.777908 0.0102564 4.26807e-10 5.59834e-17 4.45691e-58 
-0.055 0 0 0 1 0.621311 0.0173144 3.42282e-10 8.45949e-15 2.45393e-56 
-0.05 0 0 0 1 0.451464 0.0240745 2.74196e-10 1.42522e-12 2.21397e-54 
-0.045 0 0 0 1 0.293693 0.0262176 2.19412e-10 2.43235e-10 3.29253e-52 
-0.04 0 0 0 1 0.168197 0.0211875 1.75383e-10 3.72233e-08 8.06324e-50 
-0.035 0 0 0 1 0.0833559 0.0120079 1.40036e-10 4.38862e-06 3.22227e-47 
-0.03 0 0 0 1 0.0351405 0.00450471 1.11691e-10 0.000331122 2.06265e-44 
-0.025 0 0 0 1 0.0123952 0.00105619 8.89876e-11 0.0127891 2.05371e-41 
-0.02 0 0 0 1 0.00360237 0.000146452 7.08229e-11 0.194043 3.0512e-38 
-0.015 0 0 0 1 0.000850898 1.14097e-05 5.63057e-11 0.848377 6.40337e-35 
-0.01 0 0 0 1 0.000161505 4.77352e-07 4.47163e-11 0.747129 1.77133e-31 
-0.005 0 0 0 1 2.44235e-05 1.03312e-08 3.54744e-11 0.0880563 5.93602e-28 
-9.83762e-15 0 0 0 1 2.92727e-06 1.12485e-10 2.81124e-11 0.000875697 2.18019e-24 
