-0.857365	-0.705583		4.65351e-127
-0.857365	-0.705583		4.65351e-127
-0.857365	-0.705583		4.65351e-127
-0.857365	-0.705583		4.65351e-127
-0.857365	-0.705583		4.65351e-127
-0.857365	-0.705583		4.65351e-127
-0.857365	-0.705583		4.65351e-127
-0.8626	-0.765312		4.65351e-127
-0.896821	-0.72075		8.43025e-127
-0.896821	-0.72075		1.18113e-126
-0.896821	-0.72075		1.18113e-126
-0.873591	-0.680049		1.18113e-126
-0.873591	-0.680049		1.42539e-126
-0.873591	-0.680049		1.42539e-126
-0.882728	-0.644872		1.42539e-126
-0.882728	-0.644872		2.18202e-126
-0.882728	-0.644872		2.18202e-126
-0.882728	-0.644872		2.18202e-126
-0.882728	-0.644872		2.18202e-126
-0.882728	-0.644872		2.18202e-126
-0.882728	-0.644872		2.18202e-126
-0.882728	-0.644872		2.18202e-126
-0.904417	-0.582851		2.18202e-126
-0.943762	-0.52886		4.99621e-126
-0.935259	-0.50918		3.14326e-126
-0.935259	-0.50918		7.32015e-126
-0.935259	-0.50918		7.32015e-126
-0.935259	-0.50918		7.32015e-126
-0.935259	-0.50918		7.32015e-126
-0.909461	-0.526347		7.32015e-126
-0.909461	-0.526347		6.17986e-126
-0.949964	-0.49356		6.17986e-126
-0.949964	-0.49356		4.2289e-126
-0.949964	-0.49356		4.2289e-126
-0.949964	-0.49356		4.2289e-126
-0.949964	-0.49356		4.2289e-126
-0.949964	-0.49356		4.2289e-126
-0.949964	-0.49356		4.2289e-126
-0.949964	-0.49356		4.2289e-126
-0.949964	-0.49356		4.2289e-126
-0.949964	-0.49356		4.2289e-126
-0.900826	-0.561961		4.2289e-126
-0.900826	-0.561961		4.51043e-126
-0.900826	-0.561961		4.51043e-126
-0.933444	-0.367471		4.51043e-126
-0.933444	-0.367471		8.82045e-126
-0.933444	-0.367471		8.82045e-126
-0.933444	-0.367471		8.82045e-126
-0.931796	-0.304559		8.82045e-126
-0.931796	-0.304559		2.18621e-126
-0.931796	-0.304559		2.18621e-126
-0.931796	-0.304559		2.18621e-126
-0.931796	-0.304559		2.18621e-126
-0.931796	-0.304559		2.18621e-126
-0.931796	-0.304559		2.18621e-126
-0.931796	-0.304559		2.18621e-126
-0.931796	-0.304559		2.18621e-126
-0.931796	-0.304559		2.18621e-126
-0.931796	-0.304559		2.18621e-126
-0.931796	-0.304559		2.18621e-126
-0.931796	-0.304559		2.18621e-126
-1.00735	-0.195212		2.18621e-126
-1.00735	-0.195212		1.80694e-125
-1.00735	-0.195212		1.80694e-125
-1.00735	-0.195212		1.80694e-125
-1.00735	-0.195212		1.80694e-125
-1.00735	-0.195212		1.80694e-125
-1.00735	-0.195212		1.80694e-125
-0.994918	-0.102093		1.80694e-125
-1.0128	-0.0443928		1.94559e-125
-1.0128	-0.0443928		2.3772e-125
-1.0128	-0.0443928		2.3772e-125
-1.03069	0.0476307		2.3772e-125
-1.05421	0.111805		1.54077e-125
-1.05421	0.111805		1.61201e-125
-1.05421	0.111805		1.61201e-125
-1.05421	0.111805		1.61201e-125
-1.05421	0.111805		1.61201e-125
-1.05421	0.111805		1.61201e-125
-1.05421	0.111805		1.61201e-125
-1.05421	0.111805		1.61201e-125
-1.05421	0.111805		1.61201e-125
-1.05421	0.111805		1.61201e-125
-1.02025	0.00805253		1.61201e-125
-0.968447	-0.195323		1.632e-125
-0.968447	-0.195323		1.20825e-125
-0.968447	-0.195323		1.20825e-125
-0.968447	-0.195323		1.20825e-125
-0.968447	-0.195323		1.20825e-125
-0.968447	-0.195323		1.20825e-125
-0.999206	-0.229455		1.20825e-125
-0.999206	-0.229455		1.80758e-125
-0.999206	-0.229455		1.80758e-125
-1.02345	-0.0521345		1.80758e-125
-1.02413	-0.0825947		3.04225e-125
-1.02753	-0.0756529		2.69546e-125
-1.02753	-0.0756529		2.48549e-125
-1.02753	-0.0756529		2.48549e-125
-1.02753	-0.0756529		2.48549e-125
-1.02753	-0.0756529		2.48549e-125
-1.01952	-0.160551		2.48549e-125
-1.00338	-0.0882581		1.31946e-125
-1.00338	-0.0882581		2.57254e-125
-1.00338	-0.0882581		2.57254e-125
-1.00338	-0.0882581		2.57254e-125
-1.00338	-0.0882581		2.57254e-125
-1.00338	-0.0882581		2.57254e-125
-1.00338	-0.0882581		2.57254e-125
-1.00338	-0.0882581		2.57254e-125
-0.994829	-0.172524		2.57254e-125
-0.994829	-0.172524		3.20913e-125
-0.994829	-0.172524		3.20913e-125
-1.01027	-0.100408		3.20913e-125
-1.01027	-0.100408		3.23178e-125
-1.01027	-0.100408		3.23178e-125
-1.00756	-0.151006		3.23178e-125
-1.00756	-0.151006		2.90663e-125
-1.00756	-0.151006		2.90663e-125
-1.00756	-0.151006		2.90663e-125
-1.00756	-0.151006		2.90663e-125
-1.00756	-0.151006		2.90663e-125
-1.00756	-0.151006		2.90663e-125
-1.00756	-0.151006		2.90663e-125
-0.988764	-0.246359		2.90663e-125
-0.988764	-0.246359		2.42549e-125
-0.988764	-0.246359		2.42549e-125
-0.988764	-0.246359		2.42549e-125
-0.988764	-0.246359		2.42549e-125
-0.988764	-0.246359		2.42549e-125
-0.988764	-0.246359		2.42549e-125
-1.00041	-0.0817124		2.42549e-125
-1.00041	-0.0817124		2.02736e-125
-1.00041	-0.0817124		2.02736e-125
-1.00041	-0.0817124		2.02736e-125
-1.00041	-0.0817124		2.02736e-125
-1.00041	-0.0817124		2.02736e-125
-1.00041	-0.0817124		2.02736e-125
-1.00041	-0.0817124		2.02736e-125
-1.00041	-0.0817124		2.02736e-125
-1.00041	-0.0817124		2.02736e-125
-1.00268	-0.101557		2.02736e-125
-1.01439	-0.128701		2.82613e-125
-1.01439	-0.128701		2.73177e-125
-1.01439	-0.128701		2.73177e-125
-1.01439	-0.128701		2.73177e-125
-1.01439	-0.128701		2.73177e-125
-1.01439	-0.128701		2.73177e-125
-1.01439	-0.128701		2.73177e-125
-1.01439	-0.128701		2.73177e-125
-1.01439	-0.128701		2.73177e-125
-1.01439	-0.128701		2.73177e-125
-1.01439	-0.128701		2.73177e-125
-1.01439	-0.128701		2.73177e-125
-1.01439	-0.128701		2.73177e-125
-1.01439	-0.128701		2.73177e-125
-1.01439	-0.128701		2.73177e-125
-1.01439	-0.128701		2.73177e-125
-1.01439	-0.128701		2.73177e-125
-1.03769	-0.0458918		2.73177e-125
-1.03769	-0.0458918		1.98357e-125
-1.03769	-0.0458918		1.98357e-125
-1.03769	-0.0458918		1.98357e-125
-1.03769	-0.0458918		1.98357e-125
-1.03769	-0.0458918		1.98357e-125
-1.03769	-0.0458918		1.98357e-125
-1.03769	-0.0458918		1.98357e-125
-1.03769	-0.0458918		1.98357e-125
-1.03769	-0.0458918		1.98357e-125
-1.03769	-0.0458918		1.98357e-125
-1.03769	-0.0458918		1.98357e-125
-1.03769	-0.0458918		1.98357e-125
-1.03769	-0.0458918		1.98357e-125
-0.970443	-0.221956		1.98357e-125
-0.970443	-0.221956		2.03618e-125
-0.970443	-0.221956		2.03618e-125
-0.970443	-0.221956		2.03618e-125
-0.966222	-0.285518		2.03618e-125
-0.966222	-0.285518		2.48202e-125
-0.966222	-0.285518		2.48202e-125
-0.966222	-0.285518		2.48202e-125
-0.966222	-0.285518		2.48202e-125
-0.966222	-0.285518		2.48202e-125
-0.966222	-0.285518		2.48202e-125
-0.936933	-0.313649		2.48202e-125
-0.941592	-0.333181		5.14191e-126
-0.941592	-0.333181		1.0832e-125
-0.941592	-0.333181		1.0832e-125
-0.992288	-0.24457		1.0832e-125
-1.00537	-0.178813		2.13807e-125
-1.00537	-0.178813		2.47691e-125
-1.00537	-0.178813		2.47691e-125
-0.991013	-0.221216		2.47691e-125
-0.991013	-0.221216		2.80199e-125
-0.991013	-0.221216		2.80199e-125
-0.991013	-0.221216		2.80199e-125
-0.991013	-0.221216		2.80199e-125
-0.99328	-0.161777		2.80199e-125
-0.99328	-0.161777		3.12257e-125
-0.99328	-0.161777		3.12257e-125
-0.99328	-0.161777		3.12257e-125
-0.99328	-0.161777		3.12257e-125
-0.99328	-0.161777		3.12257e-125
-0.99328	-0.161777		3.12257e-125
-0.99328	-0.161777		3.12257e-125
-0.99328	-0.161777		3.12257e-125
-0.99328	-0.161777		3.12257e-125
-0.99328	-0.161777		3.12257e-125
-0.99328	-0.161777		3.12257e-125
-0.99328	-0.161777		3.12257e-125
-0.99328	-0.161777		3.12257e-125
-0.99328	-0.161777		3.12257e-125
-0.99328	-0.161777		3.12257e-125
-0.99328	-0.161777		3.12257e-125
-0.99328	-0.161777		3.12257e-125
-0.99328	-0.161777		3.12257e-125
-0.99328	-0.161777		3.12257e-125
-0.99328	-0.161777		3.12257e-125
-0.99328	-0.161777		3.12257e-125
-0.99328	-0.161777		3.12257e-125
-0.99328	-0.161777		3.12257e-125
-0.986029	-0.133037		3.12257e-125
-0.986029	-0.133037		1.71092e-125
-0.986029	-0.133037		1.71092e-125
-0.994374	-0.0870581		1.71092e-125
-0.994374	-0.0870581		1.44118e-125
-0.994374	-0.0870581		1.44118e-125
-0.994374	-0.0870581		1.44118e-125
-0.994374	-0.0870581		1.44118e-125
-1.02527	-0.193493		1.44118e-125
-1.02527	-0.193493		3.37046e-126
-1.02527	-0.193493		3.37046e-126
-1.02527	-0.193493		3.37046e-126
-1.02527	-0.193493		3.37046e-126
-0.947609	-0.281955		3.37046e-126
-0.947609	-0.281955		8.44453e-126
-0.947609	-0.281955		8.44453e-126
-0.947609	-0.281955		8.44453e-126
-0.947609	-0.281955		8.44453e-126
-0.947609	-0.281955		8.44453e-126
-0.947609	-0.281955		8.44453e-126
-0.947609	-0.281955		8.44453e-126
-0.947609	-0.281955		8.44453e-126
-0.947609	-0.281955		8.44453e-126
-0.991198	-0.233977		8.44453e-126
-0.991198	-0.233977		2.50788e-125
-0.991198	-0.233977		2.50788e-125
-0.991198	-0.233977		2.50788e-125
-0.991198	-0.233977		2.50788e-125
-0.991198	-0.233977		2.50788e-125
-0.991198	-0.233977		2.50788e-125
-0.991198	-0.233977		2.50788e-125
-0.974799	-0.255986		2.50788e-125
-0.974799	-0.255986		2.77167e-125
-0.974799	-0.255986		2.77167e-125
-0.974799	-0.255986		2.77167e-125
-0.974799	-0.255986		2.77167e-125
-0.974799	-0.255986		2.77167e-125
-0.974799	-0.255986		2.77167e-125
-0.974799	-0.255986		2.77167e-125
-0.974799	-0.255986		2.77167e-125
-0.974799	-0.255986		2.77167e-125
-0.992788	-0.209269		2.77167e-125
-0.992788	-0.209269		2.90696e-125
-0.992788	-0.209269		2.90696e-125
-0.992788	-0.209269		2.90696e-125
-0.992788	-0.209269		2.90696e-125
-0.992788	-0.209269		2.90696e-125
-0.992788	-0.209269		2.90696e-125
-0.992788	-0.209269		2.90696e-125
-0.992788	-0.209269		2.90696e-125
-0.979328	-0.126867		2.90696e-125
-0.979328	-0.126867		8.26162e-126
-0.979328	-0.126867		8.26162e-126
-0.979328	-0.126867		8.26162e-126
-0.979328	-0.126867		8.26162e-126
-0.979328	-0.126867		8.26162e-126
-1.00653	-0.11438		8.26162e-126
-1.00653	-0.11438		3.2451e-125
-1.00653	-0.11438		3.2451e-125
-1.00653	-0.11438		3.2451e-125
-1.00653	-0.11438		3.2451e-125
-1.00653	-0.11438		3.2451e-125
-1.00653	-0.11438		3.2451e-125
-1.00653	-0.11438		3.2451e-125
-1.00653	-0.11438		3.2451e-125
-1.00653	-0.11438		3.2451e-125
-1.00653	-0.11438		3.2451e-125
-1.00653	-0.11438		3.2451e-125
-1.00653	-0.11438		3.2451e-125
-1.00653	-0.11438		3.2451e-125
-1.00653	-0.11438		3.2451e-125
-1.00653	-0.11438		3.2451e-125
-1.00653	-0.11438		3.2451e-125
-1.00653	-0.11438		3.2451e-125
-1.00653	-0.11438		3.2451e-125
-1.00653	-0.11438		3.2451e-125
-1.00653	-0.11438		3.2451e-125
-1.00653	-0.11438		3.2451e-125
-1.05212	0.0339648		3.2451e-125
-1.05212	0.0339648		1.90241e-125
-1.05212	0.0339648		1.90241e-125
-1.05212	0.0339648		1.90241e-125
-1.05212	0.0339648		1.90241e-125
-1.05212	0.0339648		1.90241e-125
-1.05212	0.0339648		1.90241e-125
-1.05212	0.0339648		1.90241e-125
-1.05212	0.0339648		1.90241e-125
-1.05212	0.0339648		1.90241e-125
-1.05212	0.0339648		1.90241e-125
-1.05212	0.0339648		1.90241e-125
-1.01558	-0.0617541		1.90241e-125
-1.03963	0.0124018		2.99528e-125
-1.03963	0.0124018		2.56083e-125
-1.03963	0.0124018		2.56083e-125
-1.01615	0.0406861		2.56083e-125
-1.01615	0.0406861		5.04598e-126
-1.02549	-0.0180511		5.04598e-126
-1.02549	-0.0180511		2.75394e-125
-1.04119	-0.146751		2.75394e-125
-1.04119	-0.146751		1.51601e-126
-1.04119	-0.146751		1.51601e-126
-1.04119	-0.146751		1.51601e-126
-1.01356	-0.185575		1.51601e-126
-1.01356	-0.185575		1.35752e-125
-1.01356	-0.185575		1.35752e-125
-1.01356	-0.185575		1.35752e-125
-0.985852	-0.207509		1.35752e-125
-0.985852	-0.207509		3.06322e-125
-0.985852	-0.207509		3.06322e-125
-0.985852	-0.207509		3.06322e-125
-0.985852	-0.207509		3.06322e-125
-0.985852	-0.207509		3.06322e-125
-0.985852	-0.207509		3.06322e-125
-0.985852	-0.207509		3.06322e-125
-0.985852	-0.207509		3.06322e-125
-0.985852	-0.207509		3.06322e-125
-0.985852	-0.207509		3.06322e-125
-0.985852	-0.207509		3.06322e-125
-0.985852	-0.207509		3.06322e-125
-0.990639	-0.176904		3.06322e-125
-0.967517	-0.258042		3.12017e-125
-0.967517	-0.258042		2.36477e-125
-0.967517	-0.258042		2.36477e-125
-0.967517	-0.258042		2.36477e-125
-0.967517	-0.258042		2.36477e-125
-0.967517	-0.258042		2.36477e-125
-0.967517	-0.258042		2.36477e-125
-0.967517	-0.258042		2.36477e-125
-0.967233	-0.268312		2.36477e-125
-0.967233	-0.268312		2.45218e-125
-0.967233	-0.268312		2.45218e-125
-0.967233	-0.268312		2.45218e-125
-0.967233	-0.268312		2.45218e-125
-0.965807	-0.280756		2.45218e-125
-0.965807	-0.280756		2.4453e-125
-0.965807	-0.280756		2.4453e-125
-0.965807	-0.280756		2.4453e-125
-0.965807	-0.280756		2.4453e-125
-0.965807	-0.280756		2.4453e-125
-0.965807	-0.280756		2.4453e-125
-0.97086	-0.211222		2.4453e-125
-0.97086	-0.211222		1.85116e-125
-0.97086	-0.211222		1.85116e-125
-0.97086	-0.211222		1.85116e-125
-0.97086	-0.211222		1.85116e-125
-0.97086	-0.211222		1.85116e-125
-0.97086	-0.211222		1.85116e-125
-0.97086	-0.211222		1.85116e-125
-0.97086	-0.211222		1.85116e-125
-0.97086	-0.211222		1.85116e-125
-0.97086	-0.211222		1.85116e-125
-0.97086	-0.211222		1.85116e-125
-0.97086	-0.211222		1.85116e-125
-0.97591	-0.279393		1.85116e-125
-0.926439	-0.514698		2.58192e-125
-0.926439	-0.514698		8.4593e-126
-0.926439	-0.514698		8.4593e-126
-0.926439	-0.514698		8.4593e-126
-0.926439	-0.514698		8.4593e-126
-0.914455	-0.447193		8.4593e-126
-0.936921	-0.476039		4.92615e-126
-0.936921	-0.476039		1.04019e-125
-0.936921	-0.476039		1.04019e-125
-0.936921	-0.476039		1.04019e-125
-0.936921	-0.476039		1.04019e-125
-0.936921	-0.476039		1.04019e-125
-0.936921	-0.476039		1.04019e-125
-0.936921	-0.476039		1.04019e-125
-0.936921	-0.476039		1.04019e-125
-0.902051	-0.517208		1.04019e-125
-0.902051	-0.517208		3.79193e-126
-0.944822	-0.456553		3.79193e-126
-0.944822	-0.456553		1.05242e-125
-0.944822	-0.456553		1.05242e-125
-0.944822	-0.456553		1.05242e-125
-0.944822	-0.456553		1.05242e-125
-0.944822	-0.456553		1.05242e-125
-0.944822	-0.456553		1.05242e-125
-0.944822	-0.456553		1.05242e-125
-0.944822	-0.456553		1.05242e-125
-0.916249	-0.447492		1.05242e-125
-0.916249	-0.447492		5.72816e-126
-0.9179	-0.51246		5.72816e-126
-0.912354	-0.390169		8.13704e-126
-0.948081	-0.315464		1.33391e-126
-0.948081	-0.315464		1.39334e-125
-0.938143	-0.366757		1.39334e-125
-0.938143	-0.366757		1.21056e-125
-0.938143	-0.366757		1.21056e-125
-0.938143	-0.366757		1.21056e-125
-0.938143	-0.366757		1.21056e-125
-0.938143	-0.366757		1.21056e-125
-0.938143	-0.366757		1.21056e-125
-0.996189	-0.283106		1.21056e-125
-0.963311	-0.407847		8.53043e-126
-0.963311	-0.407847		9.017e-126
-0.963311	-0.407847		9.017e-126
-0.922676	-0.601143		9.017e-126
-0.880568	-0.7123		2.91666e-126
-0.933762	-0.621771		1.72094e-126
-0.933762	-0.621771		7.4562e-127
-0.933762	-0.621771		7.4562e-127
-0.933762	-0.621771		7.4562e-127
-0.933762	-0.621771		7.4562e-127
-0.86394	-0.697351		7.4562e-127
-0.874099	-0.659458		7.83834e-127
-0.89028	-0.661818		1.34485e-126
-0.89028	-0.661818		2.70052e-126
-0.89028	-0.661818		2.70052e-126
-0.89028	-0.661818		2.70052e-126
-0.89028	-0.661818		2.70052e-126
-0.89028	-0.661818		2.70052e-126
-0.89028	-0.661818		2.70052e-126
-0.89028	-0.661818		2.70052e-126
-0.917375	-0.564058		2.70052e-126
-0.917375	-0.564058		5.94241e-126
-0.917375	-0.564058		5.94241e-126
-0.917375	-0.564058		5.94241e-126
-0.917375	-0.564058		5.94241e-126
-0.917375	-0.564058		5.94241e-126
-0.917375	-0.564058		5.94241e-126
-0.917375	-0.564058		5.94241e-126
-0.917375	-0.564058		5.94241e-126
-0.917375	-0.564058		5.94241e-126
-0.917375	-0.564058		5.94241e-126
-0.917375	-0.564058		5.94241e-126
-0.917375	-0.564058		5.94241e-126
-0.917375	-0.564058		5.94241e-126
-0.937964	-0.570442		5.94241e-126
-0.937964	-0.570442		1.92046e-126
-0.937964	-0.570442		1.92046e-126
-0.937964	-0.570442		1.92046e-126
-0.937964	-0.570442		1.92046e-126
-0.937964	-0.570442		1.92046e-126
-0.937964	-0.570442		1.92046e-126
-0.937964	-0.570442		1.92046e-126
-0.937964	-0.570442		1.92046e-126
-0.937964	-0.570442		1.92046e-126
-0.937964	-0.570442		1.92046e-126
-0.899173	-0.609914		1.92046e-126
-0.899173	-0.609914		4.05848e-126
-0.899173	-0.609914		4.05848e-126
-0.899173	-0.609914		4.05848e-126
-0.899173	-0.609914		4.05848e-126
-0.899173	-0.609914		4.05848e-126
-0.899173	-0.609914		4.05848e-126
-0.899173	-0.609914		4.05848e-126
-0.899173	-0.609914		4.05848e-126
-0.91102	-0.571279		4.05848e-126
-0.91102	-0.571279		5.73929e-126
-0.91102	-0.571279		5.73929e-126
-0.91102	-0.571279		5.73929e-126
-0.91102	-0.571279		5.73929e-126
-0.91102	-0.571279		5.73929e-126
-0.91102	-0.571279		5.73929e-126
-0.91102	-0.571279		5.73929e-126
-0.91102	-0.571279		5.73929e-126
-0.91102	-0.571279		5.73929e-126
-0.91102	-0.571279		5.73929e-126
-0.91102	-0.571279		5.73929e-126
-0.91102	-0.571279		5.73929e-126
-0.951846	-0.509198		5.73929e-126
-0.951846	-0.509198		2.51117e-126
-0.951846	-0.509198		2.51117e-126
-0.951846	-0.509198		2.51117e-126
-0.951846	-0.509198		2.51117e-126
-0.951846	-0.509198		2.51117e-126
-0.951846	-0.509198		2.51117e-126
-0.936563	-0.501252		2.51117e-126
-0.936563	-0.501252		7.79235e-126
-0.936563	-0.501252		7.79235e-126
-0.936563	-0.501252		7.79235e-126
-0.936563	-0.501252		7.79235e-126
-0.936563	-0.501252		7.79235e-126
-0.936563	-0.501252		7.79235e-126
-0.922423	-0.558372		7.79235e-126
-0.922423	-0.558372		5.72984e-126
-0.922423	-0.558372		5.72984e-126
-0.922423	-0.558372		5.72984e-126
-0.922423	-0.558372		5.72984e-126
-0.922423	-0.558372		5.72984e-126
-0.909425	-0.515578		5.72984e-126
-0.909425	-0.515578		5.98459e-126
-0.932456	-0.524247		5.98459e-126
-0.95927	-0.472694		6.57047e-126
-0.908611	-0.663498		3.11202e-126
-0.893046	-0.63972		1.91902e-126
-0.893046	-0.63972		3.16866e-126
-0.893046	-0.63972		3.16866e-126
-0.893046	-0.63972		3.16866e-126
-0.893046	-0.63972		3.16866e-126
-0.893046	-0.63972		3.16866e-126
-0.893046	-0.63972		3.16866e-126
-0.893046	-0.63972		3.16866e-126
-0.893046	-0.63972		3.16866e-126
-0.893046	-0.63972		3.16866e-126
-0.893046	-0.63972		3.16866e-126
-0.893046	-0.63972		3.16866e-126
-0.893046	-0.63972		3.16866e-126
-0.893046	-0.63972		3.16866e-126
-0.909638	-0.581152		3.16866e-126
-0.909638	-0.581152		5.34391e-126
-0.909638	-0.581152		5.34391e-126
-0.909638	-0.581152		5.34391e-126
-0.930862	-0.516438		5.34391e-126
-0.930862	-0.516438		7.66934e-126
-0.930862	-0.516438		7.66934e-126
-0.930862	-0.516438		7.66934e-126
-0.920357	-0.504073		7.66934e-126
-0.920357	-0.504073		8.72914e-126
-0.928539	-0.43304		8.72914e-126
-0.928539	-0.43304		1.08866e-125
-0.928539	-0.43304		1.08866e-125
-0.928539	-0.43304		1.08866e-125
-0.928539	-0.43304		1.08866e-125
-0.928539	-0.43304		1.08866e-125
-0.928539	-0.43304		1.08866e-125
-0.921907	-0.586518		1.08866e-125
-0.921907	-0.586518		3.90333e-126
-0.921907	-0.586518		3.90333e-126
-0.921907	-0.586518		3.90333e-126
-0.921907	-0.586518		3.90333e-126
-0.921907	-0.586518		3.90333e-126
-0.921907	-0.586518		3.90333e-126
-0.921907	-0.586518		3.90333e-126
-0.921907	-0.586518		3.90333e-126
-0.921907	-0.586518		3.90333e-126
-0.921907	-0.586518		3.90333e-126
-0.921907	-0.586518		3.90333e-126
-0.921907	-0.586518		3.90333e-126
-0.957895	-0.470919		3.90333e-126
-0.957895	-0.470919		3.67704e-126
-0.957895	-0.470919		3.67704e-126
-0.957895	-0.470919		3.67704e-126
-0.946105	-0.497509		3.67704e-126
-0.946105	-0.497509		5.12563e-126
-0.946105	-0.497509		5.12563e-126
-0.946105	-0.497509		5.12563e-126
-0.946105	-0.497509		5.12563e-126
-0.946105	-0.497509		5.12563e-126
-0.929647	-0.458053		5.12563e-126
-0.929647	-0.458053		1.15562e-125
-0.929647	-0.458053		1.15562e-125
-0.929647	-0.458053		1.15562e-125
-0.929647	-0.458053		1.15562e-125
-0.929647	-0.458053		1.15562e-125
-0.929647	-0.458053		1.15562e-125
-0.929647	-0.458053		1.15562e-125
-0.929647	-0.458053		1.15562e-125
-0.929647	-0.458053		1.15562e-125
-0.929647	-0.458053		1.15562e-125
-0.929647	-0.458053		1.15562e-125
-0.929647	-0.458053		1.15562e-125
-0.929647	-0.458053		1.15562e-125
-0.929647	-0.458053		1.15562e-125
-0.929647	-0.458053		1.15562e-125
-0.929647	-0.458053		1.15562e-125
-0.929647	-0.458053		1.15562e-125
-0.929647	-0.458053		1.15562e-125
-0.929647	-0.458053		1.15562e-125
-0.928777	-0.483918		1.15562e-125
-0.928777	-0.483918		1.0406e-125
-0.928777	-0.483918		1.0406e-125
-0.928777	-0.483918		1.0406e-125
-0.928777	-0.483918		1.0406e-125
-0.928777	-0.483918		1.0406e-125
-0.928777	-0.483918		1.0406e-125
-0.928777	-0.483918		1.0406e-125
-0.928777	-0.483918		1.0406e-125
-0.930534	-0.462709		1.0406e-125
-0.930534	-0.462709		1.15896e-125
-0.930534	-0.462709		1.15896e-125
-0.930534	-0.462709		1.15896e-125
-0.930534	-0.462709		1.15896e-125
-0.941235	-0.474696		1.15896e-125
-0.941235	-0.474696		9.42495e-126
-0.941235	-0.474696		9.42495e-126
-0.95303	-0.409757		9.42495e-126
-0.95303	-0.409757		1.41055e-125
-0.95303	-0.409757		1.41055e-125
-0.95303	-0.409757		1.41055e-125
-0.95303	-0.409757		1.41055e-125
-0.95303	-0.409757		1.41055e-125
-0.95303	-0.409757		1.41055e-125
-0.982953	-0.207395		1.41055e-125
-1.00089	-0.174014		2.95609e-125
-1.01996	-0.0953482		2.9948e-125
-1.01996	-0.0953482		2.85242e-125
-1.01996	-0.0953482		2.85242e-125
-1.01996	-0.0953482		2.85242e-125
-1.01996	-0.0953482		2.85242e-125
-1.01996	-0.0953482		2.85242e-125
-1.01996	-0.0953482		2.85242e-125
-1.01996	-0.0953482		2.85242e-125
-1.01996	-0.0953482		2.85242e-125
-1.04354	-0.0183359		2.85242e-125
-1.04649	0.0029634		1.89978e-125
-1.04649	0.0029634		1.97393e-125
-1.04649	0.0029634		1.97393e-125
-1.04649	0.0029634		1.97393e-125
-1.03779	0.0241907		1.97393e-125
-1.02487	0.0370734		2.5066e-125
-1.03661	0.0305889		1.2827e-125
-1.00968	-0.0554865		2.38537e-125
-1.00968	-0.0554865		2.35507e-125
-1.00968	-0.0554865		2.35507e-125
-1.00968	-0.0554865		2.35507e-125
-1.00968	-0.0554865		2.35507e-125
-1.00832	-0.120587		2.35507e-125
-1.00832	-0.120587		3.24114e-125
-1.00832	-0.120587		3.24114e-125
-1.00832	-0.120587		3.24114e-125
-1.00832	-0.120587		3.24114e-125
-1.00832	-0.120587		3.24114e-125
-1.00832	-0.120587		3.24114e-125
-1.00832	-0.120587		3.24114e-125
-1.00832	-0.120587		3.24114e-125
-1.00832	-0.120587		3.24114e-125
-1.02371	-0.0780644		3.24114e-125
-1.02371	-0.0780644		2.81119e-125
-1.02371	-0.0780644		2.81119e-125
-1.02371	-0.0780644		2.81119e-125
-1.02371	-0.0780644		2.81119e-125
-1.02371	-0.0780644		2.81119e-125
-1.02371	-0.0780644		2.81119e-125
-1.02371	-0.0780644		2.81119e-125
-1.02371	-0.0780644		2.81119e-125
-1.02437	-0.0575825		2.81119e-125
-1.02437	-0.0575825		2.99507e-125
-1.02437	-0.0575825		2.99507e-125
-1.02437	-0.0575825		2.99507e-125
-1.02437	-0.0575825		2.99507e-125
-1.02437	-0.0575825		2.99507e-125
-1.02437	-0.0575825		2.99507e-125
-1.02437	-0.0575825		2.99507e-125
-1.02437	-0.0575825		2.99507e-125
-1.02437	-0.0575825		2.99507e-125
-1.03592	-0.0368919		2.99507e-125
-0.984665	-0.0582366		2.35332e-125
-0.984665	-0.0582366		2.03473e-126
-0.986572	-0.0892054		2.03473e-126
-0.986572	-0.0892054		7.05549e-126
-0.986572	-0.0892054		7.05549e-126
-0.986572	-0.0892054		7.05549e-126
-1.0216	-0.213935		7.05549e-126
-0.990909	-0.132866		3.02024e-126
-0.990909	-0.132866		2.32447e-125
-1.02102	-0.165419		2.32447e-125
-1.02102	-0.165419		1.05376e-125
-0.994169	-0.16363		1.05376e-125
-0.994169	-0.16363		3.17856e-125
-0.994169	-0.16363		3.17856e-125
-0.994169	-0.16363		3.17856e-125
-0.994169	-0.16363		3.17856e-125
-0.994169	-0.16363		3.17856e-125
-0.994169	-0.16363		3.17856e-125
-0.994169	-0.16363		3.17856e-125
-0.994169	-0.16363		3.17856e-125
-0.994169	-0.16363		3.17856e-125
-1.01489	-0.164285		3.17856e-125
-1.01489	-0.164285		1.75063e-125
-1.01489	-0.164285		1.75063e-125
-1.01489	-0.164285		1.75063e-125
-1.01489	-0.164285		1.75063e-125
-1.01617	-0.00695814		1.75063e-125
-1.01617	-0.00695814		1.63377e-125
-1.01617	-0.00695814		1.63377e-125
-1.02032	-0.018674		1.63377e-125
-1.02032	-0.018674		2.41246e-125
-1.02032	-0.018674		2.41246e-125
-1.02032	-0.018674		2.41246e-125
-0.990158	-0.0661942		2.41246e-125
-0.990158	-0.0661942		5.66118e-126
-0.990158	-0.0661942		5.66118e-126
-1.08273	0.0185282		5.66118e-126
-1.08273	0.0185282		4.64645e-127
-1.03715	0.186968		4.64645e-127
-1.03715	0.186968		2.50349e-127
-1.03715	0.186968		2.50349e-127
-1.03715	0.186968		2.50349e-127
-1.03715	0.186968		2.50349e-127
-1.026	0.174879		2.50349e-127
-1.026	0.174879		4.77401e-128
-1.026	0.174879		4.77401e-128
-1.026	0.174879		4.77401e-128
-1.026	0.174879		4.77401e-128
-1.026	0.174879		4.77401e-128
-1.05616	-0.00327289		4.77401e-128
-1.05616	-0.00327289		9.09451e-126
-1.04624	-0.0107598		9.09451e-126
-1.04624	-0.0107598		1.7566e-125
-1.04624	-0.0107598		1.7566e-125
-1.04624	-0.0107598		1.7566e-125
-1.04624	-0.0107598		1.7566e-125
-1.04624	-0.0107598		1.7566e-125
-1.04624	-0.0107598		1.7566e-125
-1.04624	-0.0107598		1.7566e-125
-1.02871	-0.0957726		1.7566e-125
-1.02871	-0.0957726		1.86734e-125
-1.02871	-0.0957726		1.86734e-125
-1.02871	-0.0957726		1.86734e-125
-1.02871	-0.0957726		1.86734e-125
-1.02871	-0.0957726		1.86734e-125
-1.02871	-0.0957726		1.86734e-125
-1.02871	-0.0957726		1.86734e-125
-0.977687	-0.249229		1.86734e-125
-0.977687	-0.249229		2.84312e-125
-0.977687	-0.249229		2.84312e-125
-0.977687	-0.249229		2.84312e-125
-0.977687	-0.249229		2.84312e-125
-0.977687	-0.249229		2.84312e-125
-0.977687	-0.249229		2.84312e-125
-0.977687	-0.249229		2.84312e-125
-0.977687	-0.249229		2.84312e-125
-0.977687	-0.249229		2.84312e-125
-0.977687	-0.249229		2.84312e-125
-0.977687	-0.249229		2.84312e-125
-0.977687	-0.249229		2.84312e-125
-1.03136	0.0583251		2.84312e-125
-1.03136	0.0583251		1.31691e-125
-1.03136	0.0583251		1.31691e-125
-1.03136	0.0583251		1.31691e-125
-1.03136	0.0583251		1.31691e-125
-1.03136	0.0583251		1.31691e-125
-1.03136	0.0583251		1.31691e-125
-1.03136	0.0583251		1.31691e-125
-1.03017	-0.113633		1.31691e-125
-1.03017	-0.113633		1.26667e-125
-1.03017	-0.113633		1.26667e-125
-1.03017	-0.113633		1.26667e-125
-1.06265	0.0323935		1.26667e-125
-1.06265	0.0323935		9.27366e-126
-0.984796	-0.274639		9.27366e-126
-0.984796	-0.274639		2.09032e-125
-0.984796	-0.274639		2.09032e-125
-0.991624	-0.272389		2.09032e-125
-0.991624	-0.272389		1.49376e-125
-0.970551	-0.265224		1.49376e-125
-0.970551	-0.265224		2.6265e-125
-0.970551	-0.265224		2.6265e-125
-0.999872	-0.164148		2.6265e-125
-0.999872	-0.164148		3.17862e-125
-0.999872	-0.164148		3.17862e-125
-0.999872	-0.164148		3.17862e-125
-0.999872	-0.164148		3.17862e-125
-1.00157	-0.205808		3.17862e-125
-1.00157	-0.205808		2.18021e-125
-1.00157	-0.205808		2.18021e-125
-1.0098	-0.0832153		2.18021e-125
-0.953698	-0.259573		3.02033e-125
-0.953698	-0.259573		1.00632e-125
-0.953698	-0.259573		1.00632e-125
-0.990287	-0.248004		1.00632e-125
-0.990287	-0.248004		2.2463e-125
-0.990287	-0.248004		2.2463e-125
-0.990287	-0.248004		2.2463e-125
-0.962197	-0.285499		2.2463e-125
-0.962197	-0.285499		2.24105e-125
-0.962197	-0.285499		2.24105e-125
-0.962197	-0.285499		2.24105e-125
-0.962197	-0.285499		2.24105e-125
-0.962197	-0.285499		2.24105e-125
-0.939089	-0.320549		2.24105e-125
-0.939089	-0.320549		7.31384e-126
-0.939089	-0.320549		7.31384e-126
-0.939089	-0.320549		7.31384e-126
-0.937494	-0.310108		7.31384e-126
-0.937494	-0.310108		5.08915e-126
-0.937494	-0.310108		5.08915e-126
-0.937494	-0.310108		5.08915e-126
-0.98589	-0.24547		5.08915e-126
-0.98589	-0.24547		2.66718e-125
-0.98589	-0.24547		2.66718e-125
-0.98589	-0.24547		2.66718e-125
-0.98589	-0.24547		2.66718e-125
-0.98589	-0.24547		2.66718e-125
-0.992608	-0.198712		2.66718e-125
-0.992608	-0.198712		3.06552e-125
-0.992608	-0.198712		3.06552e-125
-0.992608	-0.198712		3.06552e-125
-0.992608	-0.198712		3.06552e-125
-0.992608	-0.198712		3.06552e-125
-0.992608	-0.198712		3.06552e-125
-0.992608	-0.198712		3.06552e-125
-0.992608	-0.198712		3.06552e-125
-0.992608	-0.198712		3.06552e-125
-0.992608	-0.198712		3.06552e-125
-0.992608	-0.198712		3.06552e-125
-0.992608	-0.198712		3.06552e-125
-0.992608	-0.198712		3.06552e-125
-0.992608	-0.198712		3.06552e-125
-0.992608	-0.198712		3.06552e-125
-0.992608	-0.198712		3.06552e-125
-1.00723	-0.146677		3.06552e-125
-1.00723	-0.146677		3.00975e-125
-0.99474	-0.190953		3.00975e-125
-0.99474	-0.190953		3.07759e-125
-0.99474	-0.190953		3.07759e-125
-0.99474	-0.190953		3.07759e-125
-0.99474	-0.190953		3.07759e-125
-0.99474	-0.190953		3.07759e-125
-0.998295	-0.172979		3.07759e-125
-0.998295	-0.172979		3.14565e-125
-0.998295	-0.172979		3.14565e-125
-0.998295	-0.172979		3.14565e-125
-0.998295	-0.172979		3.14565e-125
-0.998295	-0.172979		3.14565e-125
-0.998295	-0.172979		3.14565e-125
-0.998295	-0.172979		3.14565e-125
-0.998295	-0.172979		3.14565e-125
-0.998295	-0.172979		3.14565e-125
-0.998295	-0.172979		3.14565e-125
-0.998295	-0.172979		3.14565e-125
-1.01897	-0.0587654		3.14565e-125
-1.01897	-0.0587654		3.07666e-125
-1.01897	-0.0587654		3.07666e-125
-1.01897	-0.0587654		3.07666e-125
-1.01897	-0.0587654		3.07666e-125
-1.01897	-0.0587654		3.07666e-125
-1.01897	-0.0587654		3.07666e-125
-1.01897	-0.0587654		3.07666e-125
-1.01897	-0.0587654		3.07666e-125
-1.01897	-0.0587654		3.07666e-125
-1.01897	-0.0587654		3.07666e-125
-0.99686	-0.111531		3.07666e-125
-0.99686	-0.111531		2.46031e-125
-1.01679	-0.156077		2.46031e-125
-1.01679	-0.156077		1.74249e-125
-0.950878	-0.137035		1.74249e-125
-0.950878	-0.137035		1.06523e-127
-0.968321	-0.161206		1.06523e-127
-0.968321	-0.161206		5.58533e-126
-0.968321	-0.161206		5.58533e-126
-0.968321	-0.161206		5.58533e-126
-0.968321	-0.161206		5.58533e-126
-0.968321	-0.161206		5.58533e-126
-0.968321	-0.161206		5.58533e-126
-0.968321	-0.161206		5.58533e-126
-0.968321	-0.161206		5.58533e-126
-0.989649	-0.114561		5.58533e-126
-0.989649	-0.114561		1.643e-125
-0.989649	-0.114561		1.643e-125
-0.989649	-0.114561		1.643e-125
-0.989649	-0.114561		1.643e-125
-0.994575	-0.23037		1.643e-125
-0.994575	-0.23037		2.27572e-125
-0.99721	-0.127895		2.27572e-125
-0.987969	-0.259545		2.8863e-125
-0.987969	-0.259545		2.17461e-125
-0.987969	-0.259545		2.17461e-125
-0.968126	-0.32745		2.17461e-125
-0.968126	-0.32745		2.11515e-125
-0.968126	-0.32745		2.11515e-125
-0.968126	-0.32745		2.11515e-125
-0.968126	-0.32745		2.11515e-125
-0.968126	-0.32745		2.11515e-125
-0.968126	-0.32745		2.11515e-125
-0.968126	-0.32745		2.11515e-125
-0.968975	-0.210604		2.11515e-125
-0.968975	-0.210604		1.6171e-125
-0.968975	-0.210604		1.6171e-125
-0.968975	-0.210604		1.6171e-125
-0.968975	-0.210604		1.6171e-125
-0.968975	-0.210604		1.6171e-125
-0.968975	-0.210604		1.6171e-125
-1.04693	-0.055358		1.6171e-125
-0.987393	-0.120359		8.2128e-126
-0.987393	-0.120359		1.52791e-125
-0.987393	-0.120359		1.52791e-125
-0.987393	-0.120359		1.52791e-125
-0.987393	-0.120359		1.52791e-125
-0.987393	-0.120359		1.52791e-125
-0.987393	-0.120359		1.52791e-125
-0.987393	-0.120359		1.52791e-125
-0.987393	-0.120359		1.52791e-125
-0.987393	-0.120359		1.52791e-125
-1.03354	-0.018252		1.52791e-125
-1.03354	-0.018252		2.75436e-125
-1.03354	-0.018252		2.75436e-125
-1.03354	-0.018252		2.75436e-125
-1.03354	-0.018252		2.75436e-125
-1.03354	-0.018252		2.75436e-125
-1.03354	-0.018252		2.75436e-125
-1.03354	-0.018252		2.75436e-125
-1.03354	-0.018252		2.75436e-125
-1.03354	-0.018252		2.75436e-125
-1.03354	-0.018252		2.75436e-125
-1.03354	-0.018252		2.75436e-125
-1.01386	-0.0709047		2.75436e-125
-1.01386	-0.0709047		3.04936e-125
-1.01386	-0.0709047		3.04936e-125
-1.01386	-0.0709047		3.04936e-125
-1.01386	-0.0709047		3.04936e-125
-1.01386	-0.0709047		3.04936e-125
-1.01386	-0.0709047		3.04936e-125
-1.01431	-0.0739926		3.04936e-125
-1.01431	-0.0739926		3.10838e-125
-1.01431	-0.0739926		3.10838e-125
-1.02027	-0.120382		3.10838e-125
-1.02027	-0.120382		2.26819e-125
-1.02027	-0.120382		2.26819e-125
-1.02027	-0.120382		2.26819e-125
-1.02027	-0.120382		2.26819e-125
-1.03865	-0.0925155		2.26819e-125
-1.0107	-0.195981		8.74141e-126
-0.949285	-0.305289		1.41084e-125
-0.949285	-0.305289		1.35295e-125
-0.949285	-0.305289		1.35295e-125
-0.993116	-0.15971		1.35295e-125
-0.993116	-0.15971		3.09006e-125
-0.993116	-0.15971		3.09006e-125
-0.993116	-0.15971		3.09006e-125
-0.993116	-0.15971		3.09006e-125
-0.993116	-0.15971		3.09006e-125
-0.993116	-0.15971		3.09006e-125
-0.993116	-0.15971		3.09006e-125
-1.029	-0.0195672		3.09006e-125
-1.029	-0.0195672		2.8573e-125
-1.029	-0.0195672		2.8573e-125
-0.98999	-0.10802		2.8573e-125
-0.98999	-0.10802		1.50143e-125
-0.98999	-0.10802		1.50143e-125
-1.02853	-0.120709		1.50143e-125
-1.02853	-0.120709		1.28081e-125
-1.02853	-0.120709		1.28081e-125
-1.02853	-0.120709		1.28081e-125
-1.02078	0.00514808		1.28081e-125
-1.02078	0.00514808		1.77269e-125
-1.02078	0.00514808		1.77269e-125
