-1.08514	0.121822		4.38363e-126
-1.08514	0.121822		4.97523e-126
-1.05217	0.0499616		4.97523e-126
-1.05217	0.0499616		2.05141e-125
-1.05217	0.0499616		2.05141e-125
-1.05217	0.0499616		2.05141e-125
-1.05217	0.0499616		2.05141e-125
-1.02968	0.0185099		2.05141e-125
-1.02968	0.0185099		2.23951e-125
-1.02968	0.0185099		2.23951e-125
-1.02968	0.0185099		2.23951e-125
-1.02968	0.0185099		2.23951e-125
-1.02968	0.0185099		2.23951e-125
-1.06151	-0.0227388		2.23951e-125
-1.05344	-0.0115557		3.27796e-126
-1.05344	-0.0115557		1.0076e-125
-0.99688	-0.0917609		1.0076e-125
-0.99688	-0.0917609		1.88567e-125
-1.01069	-0.0710525		1.88567e-125
-1.01069	-0.0710525		2.84825e-125
-1.01069	-0.0710525		2.84825e-125
-1.01069	-0.0710525		2.84825e-125
-1.01069	-0.0710525		2.84825e-125
-1.01069	-0.0710525		2.84825e-125
-1.02419	-0.0558675		2.84825e-125
-0.995829	-0.104283		3.01202e-125
-1.00822	-0.142425		2.12738e-125
-1.00822	-0.142425		3.00806e-125
-1.00822	-0.142425		3.00806e-125
-1.00822	-0.142425		3.00806e-125
-1.00822	-0.142425		3.00806e-125
-1.00822	-0.142425		3.00806e-125
-0.987713	-0.140452		3.00806e-125
-0.987713	-0.140452		2.13468e-125
-0.987713	-0.140452		2.13468e-125
-1.0082	-0.191815		2.13468e-125
-0.969672	-0.20219		1.80031e-125
-0.969672	-0.20219		1.50287e-125
-0.969672	-0.20219		1.50287e-125
-1.00449	-0.234348		1.50287e-125
-1.00449	-0.234348		1.13377e-125
-1.00449	-0.234348		1.13377e-125
-1.00449	-0.234348		1.13377e-125
-0.95627	-0.248746		1.13377e-125
-1.00444	-0.175902		1.05295e-125
-1.00444	-0.175902		2.65048e-125
-1.00444	-0.175902		2.65048e-125
-1.00444	-0.175902		2.65048e-125
-1.00444	-0.175902		2.65048e-125
-0.990332	-0.208626		2.65048e-125
-0.990978	-0.221371		3.02826e-125
-0.990978	-0.221371		2.80133e-125
-0.990978	-0.221371		2.80133e-125
-0.990978	-0.221371		2.80133e-125
-0.990978	-0.221371		2.80133e-125
-0.990978	-0.221371		2.80133e-125
-1.00756	-0.165		2.80133e-125
-1.00756	-0.165		2.59241e-125
-1.00756	-0.165		2.59241e-125
-1.00756	-0.165		2.59241e-125
-1.03012	-0.145867		2.59241e-125
-1.03012	-0.145867		6.49109e-126
-1.03012	-0.145867		6.49109e-126
-1.01222	-0.209634		6.49109e-126
-1.01222	-0.209634		9.48728e-126
-0.984245	-0.228656		9.48728e-126
-0.984245	-0.228656		2.96653e-125
-0.95665	-0.246734		2.96653e-125
-0.95665	-0.246734		1.0522e-125
-0.95665	-0.246734		1.0522e-125
-0.95665	-0.246734		1.0522e-125
-0.95665	-0.246734		1.0522e-125
-0.95665	-0.246734		1.0522e-125
-0.95665	-0.246734		1.0522e-125
-0.95665	-0.246734		1.0522e-125
-1.00362	-0.172188		1.0522e-125
-1.00362	-0.172188		2.81531e-125
-1.00362	-0.172188		2.81531e-125
-1.00362	-0.172188		2.81531e-125
-1.00362	-0.172188		2.81531e-125
-0.982886	-0.136371		2.81531e-125
-0.982886	-0.136371		1.41747e-125
-0.982886	-0.136371		1.41747e-125
-0.982886	-0.136371		1.41747e-125
-1.02332	-0.116883		1.41747e-125
-1.00378	-0.111359		1.98498e-125
-1.00592	-0.0910139		3.09707e-125
-1.00592	-0.0910139		2.88314e-125
-1.00592	-0.0910139		2.88314e-125
-1.00592	-0.0910139		2.88314e-125
-0.998759	-0.133855		2.88314e-125
-0.998759	-0.133855		3.10962e-125
-1.001	-0.124967		3.10962e-125
-1.001	-0.124967		3.12455e-125
-0.991075	-0.214451		3.12455e-125
-0.991075	-0.214451		2.9175e-125
-0.991075	-0.214451		2.9175e-125
-0.991075	-0.214451		2.9175e-125
-0.989388	-0.168402		2.9175e-125
-0.989388	-0.168402		2.94234e-125
-0.989388	-0.168402		2.94234e-125
-0.989388	-0.168402		2.94234e-125
-0.998325	-0.113968		2.94234e-125
-0.998325	-0.113968		2.68489e-125
-0.998325	-0.113968		2.68489e-125
-0.998325	-0.113968		2.68489e-125
-0.966325	-0.179014		2.68489e-125
-0.966325	-0.179014		6.93969e-126
-0.966325	-0.179014		6.93969e-126
-0.966325	-0.179014		6.93969e-126
-0.966325	-0.179014		6.93969e-126
-1.02278	-0.185978		6.93969e-126
-1.02278	-0.185978		5.53189e-126
-1.01565	-0.153496		5.53189e-126
-1.01565	-0.153496		1.94841e-125
-1.01565	-0.153496		1.94841e-125
-1.01565	-0.153496		1.94841e-125
-1.01092	-0.154511		1.94841e-125
-1.01092	-0.154511		2.48611e-125
-1.01092	-0.154511		2.48611e-125
-1.01092	-0.154511		2.48611e-125
-1.01092	-0.154511		2.48611e-125
-1.01092	-0.154511		2.48611e-125
-1.01092	-0.154511		2.48611e-125
-0.990905	-0.140591		2.48611e-125
-0.990905	-0.140591		2.5228e-125
-0.990905	-0.140591		2.5228e-125
-0.990905	-0.140591		2.5228e-125
-0.990905	-0.140591		2.5228e-125
-0.990905	-0.140591		2.5228e-125
-0.990905	-0.140591		2.5228e-125
-0.990905	-0.140591		2.5228e-125
-0.990905	-0.140591		2.5228e-125
-1.02728	-0.141625		2.5228e-125
-1.02728	-0.141625		9.54929e-126
-1.02728	-0.141625		9.54929e-126
-1.00906	-0.184919		9.54929e-126
-1.00906	-0.184919		1.88484e-125
-1.00906	-0.184919		1.88484e-125
-1.00906	-0.184919		1.88484e-125
-1.00906	-0.184919		1.88484e-125
-1.00906	-0.184919		1.88484e-125
-1.00906	-0.184919		1.88484e-125
-1.00906	-0.184919		1.88484e-125
-1.00906	-0.184919		1.88484e-125
-1.00906	-0.184919		1.88484e-125
-1.00906	-0.184919		1.88484e-125
-1.00906	-0.184919		1.88484e-125
-1.00621	-0.166702		1.88484e-125
-1.00621	-0.166702		2.69186e-125
-0.999103	-0.183296		2.69186e-125
-0.999103	-0.183296		2.9551e-125
-0.978544	-0.19809		2.9551e-125
-0.978544	-0.19809		2.44237e-125
-0.978544	-0.19809		2.44237e-125
-0.978544	-0.19809		2.44237e-125
-0.964558	-0.219363		2.44237e-125
-0.964558	-0.219363		1.31328e-125
-1.00809	-0.159968		1.31328e-125
-1.00809	-0.159968		2.65977e-125
-1.00809	-0.159968		2.65977e-125
-1.00809	-0.159968		2.65977e-125
-1.00809	-0.159968		2.65977e-125
-1.03379	-0.1016		2.65977e-125
-1.02066	-0.161762		1.154e-125
-1.0077	-0.225562		1.17039e-125
-1.0077	-0.225562		1.02535e-125
-1.0077	-0.225562		1.02535e-125
-1.0077	-0.225562		1.02535e-125
-1.0077	-0.225562		1.02535e-125
-1.0077	-0.225562		1.02535e-125
-1.0077	-0.225562		1.02535e-125
-1.0077	-0.225562		1.02535e-125
-1.0077	-0.225562		1.02535e-125
-1.0077	-0.225562		1.02535e-125
-0.990468	-0.112624		1.02535e-125
-0.990468	-0.112624		1.68988e-125
-0.990468	-0.112624		1.68988e-125
-1.00846	-0.144447		1.68988e-125
-1.00846	-0.144447		2.95485e-125
-1.00846	-0.144447		2.95485e-125
-1.00846	-0.144447		2.95485e-125
-1.00135	-0.21137		2.95485e-125
-0.959644	-0.22975		2.05465e-125
-0.972638	-0.286573		1.02069e-125
-0.972638	-0.286573		2.574e-125
-0.972638	-0.286573		2.574e-125
-0.972638	-0.286573		2.574e-125
-0.972638	-0.286573		2.574e-125
-0.972638	-0.286573		2.574e-125
-0.953231	-0.369492		2.574e-125
-0.953231	-0.369492		1.913e-125
-0.953231	-0.369492		1.913e-125
-0.953231	-0.369492		1.913e-125
-0.953231	-0.369492		1.913e-125
-0.965666	-0.40566		1.913e-125
-0.965666	-0.40566		8.03194e-126
-0.965666	-0.40566		8.03194e-126
-0.921314	-0.379802		8.03194e-126
-0.921314	-0.379802		3.34107e-126
-0.921314	-0.379802		3.34107e-126
-0.938039	-0.360395		3.34107e-126
-0.938039	-0.360395		1.13491e-125
-0.938039	-0.360395		1.13491e-125
-0.938039	-0.360395		1.13491e-125
-0.938039	-0.360395		1.13491e-125
-0.938039	-0.360395		1.13491e-125
-0.978138	-0.358155		1.13491e-125
-0.978138	-0.358155		8.11775e-126
-0.956064	-0.306045		8.11775e-126
-0.956064	-0.306045		1.96962e-125
-0.956064	-0.306045		1.96962e-125
-0.956064	-0.306045		1.96962e-125
-0.956064	-0.306045		1.96962e-125
-0.956064	-0.306045		1.96962e-125
-0.956064	-0.306045		1.96962e-125
-0.956064	-0.306045		1.96962e-125
-0.956064	-0.306045		1.96962e-125
-0.956064	-0.306045		1.96962e-125
-0.956064	-0.306045		1.96962e-125
-0.976177	-0.257439		1.96962e-125
-0.934706	-0.39599		2.79135e-125
-0.969152	-0.381144		1.22752e-125
-0.969152	-0.381144		9.99376e-126
-0.969152	-0.381144		9.99376e-126
-0.969152	-0.381144		9.99376e-126
-0.969152	-0.381144		9.99376e-126
-0.948524	-0.416947		9.99376e-126
-0.948524	-0.416947		1.45709e-125
-0.948524	-0.416947		1.45709e-125
-0.948524	-0.416947		1.45709e-125
-0.948524	-0.416947		1.45709e-125
-0.936186	-0.383179		1.45709e-125
-0.936186	-0.383179		1.22605e-125
-0.936186	-0.383179		1.22605e-125
-0.936186	-0.383179		1.22605e-125
-0.936186	-0.383179		1.22605e-125
-0.936186	-0.383179		1.22605e-125
-0.936186	-0.383179		1.22605e-125
-0.929652	-0.414093		1.22605e-125
-0.929652	-0.414093		1.05103e-125
-0.929652	-0.414093		1.05103e-125
-0.95368	-0.398904		1.05103e-125
-0.95368	-0.398904		1.54804e-125
-0.95368	-0.398904		1.54804e-125
-0.95368	-0.398904		1.54804e-125
-0.95208	-0.45993		1.54804e-125
-0.948956	-0.356281		7.1e-126
-0.948956	-0.356281		1.83372e-125
-0.948956	-0.356281		1.83372e-125
-0.948956	-0.356281		1.83372e-125
-0.948956	-0.356281		1.83372e-125
-0.948956	-0.356281		1.83372e-125
-0.948956	-0.356281		1.83372e-125
-0.948956	-0.356281		1.83372e-125
-0.948956	-0.356281		1.83372e-125
-0.948956	-0.356281		1.83372e-125
-0.948956	-0.356281		1.83372e-125
-0.963036	-0.342269		1.83372e-125
-0.963036	-0.342269		2.07649e-125
-0.963861	-0.248247		2.07649e-125
-0.977019	-0.288355		1.83528e-125
-0.953938	-0.385623		2.37179e-125
-0.953938	-0.385623		1.72633e-125
-0.953938	-0.385623		1.72633e-125
-0.953938	-0.385623		1.72633e-125
-0.937161	-0.388226		1.72633e-125
-0.937161	-0.388226		1.32464e-125
-0.941571	-0.342278		1.32464e-125
-0.941571	-0.342278		1.1972e-125
-0.963336	-0.360442		1.1972e-125
-0.963336	-0.360442		1.76165e-125
-0.933325	-0.28484		1.76165e-125
-0.930721	-0.34112		1.54996e-126
-0.936791	-0.315099		4.48806e-126
-0.936791	-0.315099		5.213e-126
-0.959495	-0.330207		5.213e-126
-0.959495	-0.330207		2.21974e-125
-0.951585	-0.380829		2.21974e-125
-0.951585	-0.380829		1.81689e-125
-0.959534	-0.364834		1.81689e-125
-0.959534	-0.364834		1.85394e-125
-0.997252	-0.325266		1.85394e-125
-0.997252	-0.325266		2.64011e-126
-0.967749	-0.327984		2.64011e-126
-0.967749	-0.327984		2.12397e-125
-0.967749	-0.327984		2.12397e-125
-0.967749	-0.327984		2.12397e-125
-0.967749	-0.327984		2.12397e-125
-0.967749	-0.327984		2.12397e-125
-0.967749	-0.327984		2.12397e-125
-0.967749	-0.327984		2.12397e-125
-0.940395	-0.37179		2.12397e-125
-0.940395	-0.37179		1.41421e-125
-0.940395	-0.37179		1.41421e-125
-0.955947	-0.338157		1.41421e-125
-0.955947	-0.338157		2.10697e-125
-0.955947	-0.338157		2.10697e-125
-0.911294	-0.410344		2.10697e-125
-0.911294	-0.410344		1.86886e-126
-0.977709	-0.403038		1.86886e-126
-0.977709	-0.403038		2.90968e-126
-0.979486	-0.320399		2.90968e-126
-0.979486	-0.320399		1.46551e-125
-0.968061	-0.378671		1.46551e-125
-0.968061	-0.378671		1.11582e-125
-0.969232	-0.308472		1.11582e-125
-0.969232	-0.308472		2.37719e-125
-0.969232	-0.308472		2.37719e-125
-0.969232	-0.308472		2.37719e-125
-0.969232	-0.308472		2.37719e-125
-0.969232	-0.308472		2.37719e-125
-0.973601	-0.214464		2.37719e-125
-0.973601	-0.214464		2.23511e-125
-0.973601	-0.214464		2.23511e-125
-0.973601	-0.214464		2.23511e-125
-0.973601	-0.214464		2.23511e-125
-0.993434	-0.224109		2.23511e-125
-0.993434	-0.224109		2.54371e-125
-0.993434	-0.224109		2.54371e-125
-0.993434	-0.224109		2.54371e-125
-1.00449	-0.2017		2.54371e-125
-1.00449	-0.2017		1.95992e-125
-1.00449	-0.2017		1.95992e-125
-0.975268	-0.188849		1.95992e-125
-0.996625	-0.21231		1.85023e-125
-0.996625	-0.21231		2.53173e-125
-0.996625	-0.21231		2.53173e-125
-0.996625	-0.21231		2.53173e-125
-0.996625	-0.21231		2.53173e-125
-0.996625	-0.21231		2.53173e-125
-0.996625	-0.21231		2.53173e-125
-0.996625	-0.21231		2.53173e-125
-0.996625	-0.21231		2.53173e-125
-0.98569	-0.155239		2.53173e-125
-0.984482	-0.162864		2.27741e-125
-0.984482	-0.162864		2.32375e-125
-0.959454	-0.1475		2.32375e-125
-0.959454	-0.1475		9.57168e-127
-0.959454	-0.1475		9.57168e-127
-0.974285	-0.154206		9.57168e-127
-0.989964	-0.197038		9.18771e-126
-0.989964	-0.197038		3.12658e-125
-1.00369	-0.158089		3.12658e-125
-1.01113	-0.171905		3.06792e-125
-1.01113	-0.171905		1.99319e-125
-0.947807	-0.232105		1.99319e-125
-0.941677	-0.266621		2.70956e-126
-0.948041	-0.321647		3.05631e-126
-0.956847	-0.248692		1.47485e-125
-0.941125	-0.312717		1.10753e-125
-0.98865	-0.244977		7.77428e-126
-0.98865	-0.244977		2.4682e-125
-0.98865	-0.244977		2.4682e-125
-0.987093	-0.280932		2.4682e-125
-0.987093	-0.280932		1.72268e-125
-0.979962	-0.240958		1.72268e-125
-0.979962	-0.240958		2.89953e-125
-0.978897	-0.236525		2.89953e-125
-0.988384	-0.238043		2.89209e-125
-0.997282	-0.255338		2.64599e-125
-1.00739	-0.19748		1.34919e-125
-0.975804	-0.203665		1.74251e-125
-1.01448	-0.133988		2.25531e-125
-1.01448	-0.133988		2.60078e-125
-1.01448	-0.133988		2.60078e-125
-1.01448	-0.133988		2.60078e-125
-1.01448	-0.133988		2.60078e-125
-1.04652	-0.084892		2.60078e-125
-1.04652	-0.084892		4.35033e-126
-0.987651	-0.102649		4.35033e-126
-1.02575	-0.0865939		1.09816e-125
-1.01168	0.00834002		2.44568e-125
-1.01168	0.00834002		7.89023e-126
-1.03102	0.0248651		7.89023e-126
-1.03102	0.0248651		2.18258e-125
-1.03102	0.0248651		2.18258e-125
-1.03102	0.0248651		2.18258e-125
-1.03102	0.0248651		2.18258e-125
-1.03102	0.0248651		2.18258e-125
-1.05219	0.0648167		2.18258e-125
-1.05219	0.0648167		2.08222e-125
-1.05295	0.0654908		2.08222e-125
-1.05295	0.0654908		2.05515e-125
-1.05295	0.0654908		2.05515e-125
-1.02814	0.0804146		2.05515e-125
-1.07815	0.0502795		5.73288e-126
-1.07815	0.0502795		2.44641e-126
-1.04349	-0.0111017		2.44641e-126
-1.04349	-0.0111017		2.03809e-125
-1.04386	-0.0165279		2.03809e-125
-1.04386	-0.0165279		1.9007e-125
-1.04386	-0.0165279		1.9007e-125
-0.993858	-0.0893665		1.9007e-125
-0.993858	-0.0893665		1.44448e-125
-1.03958	-0.0936953		1.44448e-125
-1.03958	-0.0936953		7.74811e-126
-1.03871	-0.0709636		7.74811e-126
-1.03871	-0.0709636		1.30061e-125
-1.03871	-0.0709636		1.30061e-125
-1.03871	-0.0709636		1.30061e-125
-1.03871	-0.0709636		1.30061e-125
-1.03871	-0.0709636		1.30061e-125
-1.03205	-0.0444547		1.30061e-125
-1.05529	-0.0846438		2.59751e-125
-1.05529	-0.0846438		1.31084e-126
-0.986691	-0.0345723		1.31084e-126
-1.06265	-0.0445499		1.10912e-126
-1.01928	-0.0493096		1.51161e-126
-1.01928	-0.0493096		2.97564e-125
-1.01928	-0.0493096		2.97564e-125
-1.01627	-0.0855461		2.97564e-125
-1.00826	-0.0998626		3.1722e-125
-1.00826	-0.0998626		3.17593e-125
-1.00826	-0.0998626		3.17593e-125
-1.00826	-0.0998626		3.17593e-125
-1.00826	-0.0998626		3.17593e-125
-0.994282	-0.144764		3.17593e-125
-0.987957	-0.20201		2.95091e-125
-0.987957	-0.20201		3.10135e-125
-0.987957	-0.20201		3.10135e-125
-0.987957	-0.20201		3.10135e-125
-0.970215	-0.175353		3.10135e-125
-0.970215	-0.175353		9.63836e-126
-0.970215	-0.175353		9.63836e-126
-0.970215	-0.175353		9.63836e-126
-0.962701	-0.183358		9.63836e-126
-0.967864	-0.259367		5.03906e-126
-0.967864	-0.259367		2.41035e-125
-0.967864	-0.259367		2.41035e-125
-0.967864	-0.259367		2.41035e-125
-0.967864	-0.259367		2.41035e-125
-0.967864	-0.259367		2.41035e-125
-0.995547	-0.286741		2.41035e-125
-0.995547	-0.286741		8.35578e-126
-0.97729	-0.252732		8.35578e-126
-0.97729	-0.252732		2.82357e-125
-0.962531	-0.226182		2.82357e-125
-0.962531	-0.226182		1.2403e-125
-0.962531	-0.226182		1.2403e-125
-0.973093	-0.203964		1.2403e-125
-0.989381	-0.223421		1.94847e-125
-0.989381	-0.223421		2.86176e-125
-0.989381	-0.223421		2.86176e-125
-0.987356	-0.250658		2.86176e-125
-0.994908	-0.242858		2.44399e-125
-0.994908	-0.242858		1.91362e-125
-0.994908	-0.242858		1.91362e-125
-0.994908	-0.242858		1.91362e-125
-0.994908	-0.242858		1.91362e-125
-0.994908	-0.242858		1.91362e-125
-0.994908	-0.242858		1.91362e-125
-0.994908	-0.242858		1.91362e-125
-0.971143	-0.214243		1.91362e-125
-0.971143	-0.214243		1.9513e-125
-0.971143	-0.214243		1.9513e-125
-0.971143	-0.214243		1.9513e-125
-0.971143	-0.214243		1.9513e-125
-0.971143	-0.214243		1.9513e-125
-0.971143	-0.214243		1.9513e-125
-0.971143	-0.214243		1.9513e-125
-0.971143	-0.214243		1.9513e-125
-0.971143	-0.214243		1.9513e-125
-0.993557	-0.254509		1.9513e-125
-0.955286	-0.306206		1.75114e-125
-0.955286	-0.306206		1.90776e-125
-0.982768	-0.26868		1.90776e-125
-0.982768	-0.26868		2.39675e-125
-0.985984	-0.330362		2.39675e-125
-0.91801	-0.299794		7.58317e-126
-0.91524	-0.295088		1.7331e-127
-0.919139	-0.275254		7.82192e-128
-0.919139	-0.275254		7.46177e-128
-0.932159	-0.402656		7.46177e-128
-0.932159	-0.402656		1.12041e-125
-0.932159	-0.402656		1.12041e-125
-0.943872	-0.362148		1.12041e-125
-0.943872	-0.362148		1.57137e-125
-0.943872	-0.362148		1.57137e-125
-0.943872	-0.362148		1.57137e-125
-0.943872	-0.362148		1.57137e-125
-0.951352	-0.389483		1.57137e-125
-0.951352	-0.389483		1.73022e-125
-0.951352	-0.389483		1.73022e-125
-0.951352	-0.389483		1.73022e-125
-0.955213	-0.352411		1.73022e-125
-0.968118	-0.289909		2.04353e-125
-0.968118	-0.289909		2.54089e-125
-0.968118	-0.289909		2.54089e-125
-0.968118	-0.289909		2.54089e-125
-0.968118	-0.289909		2.54089e-125
-0.968118	-0.289909		2.54089e-125
-0.968118	-0.289909		2.54089e-125
-0.980295	-0.264136		2.54089e-125
-0.980295	-0.264136		2.64114e-125
-0.980295	-0.264136		2.64114e-125
-0.980295	-0.264136		2.64114e-125
-0.977536	-0.256246		2.64114e-125
-0.967823	-0.2957		2.80296e-125
-0.967823	-0.2957		2.5108e-125
-0.967823	-0.2957		2.5108e-125
-0.967823	-0.2957		2.5108e-125
-0.967823	-0.2957		2.5108e-125
-0.967823	-0.2957		2.5108e-125
-0.967823	-0.2957		2.5108e-125
-0.994724	-0.379852		2.5108e-125
-0.994724	-0.379852		6.61368e-127
-0.994724	-0.379852		6.61368e-127
-0.994724	-0.379852		6.61368e-127
-0.994724	-0.379852		6.61368e-127
-0.994724	-0.379852		6.61368e-127
-0.994724	-0.379852		6.61368e-127
-0.994724	-0.379852		6.61368e-127
-0.998598	-0.388408		6.61368e-127
-0.998598	-0.388408		2.63356e-127
-1.01124	-0.32736		2.63356e-127
-0.972613	-0.3419		3.20258e-127
-0.972613	-0.3419		1.53881e-125
-0.972613	-0.3419		1.53881e-125
-0.972613	-0.3419		1.53881e-125
-0.972613	-0.3419		1.53881e-125
-0.963956	-0.284185		1.53881e-125
-0.963956	-0.284185		2.35355e-125
-0.963956	-0.284185		2.35355e-125
-0.963956	-0.284185		2.35355e-125
-0.963956	-0.284185		2.35355e-125
-0.981032	-0.310275		2.35355e-125
-0.953902	-0.392384		1.56693e-125
-0.947332	-0.34554		1.63499e-125
-0.947332	-0.34554		1.68051e-125
-0.964709	-0.35552		1.68051e-125
-0.964709	-0.35552		1.77933e-125
-0.964709	-0.35552		1.77933e-125
-0.964709	-0.35552		1.77933e-125
-0.964709	-0.35552		1.77933e-125
-0.969326	-0.302881		1.77933e-125
-0.969326	-0.302881		2.44624e-125
-0.969326	-0.302881		2.44624e-125
-0.969326	-0.302881		2.44624e-125
-0.969326	-0.302881		2.44624e-125
-0.969326	-0.302881		2.44624e-125
-0.969326	-0.302881		2.44624e-125
-0.969326	-0.302881		2.44624e-125
-0.969326	-0.302881		2.44624e-125
-0.969326	-0.302881		2.44624e-125
-0.969326	-0.302881		2.44624e-125
-0.969326	-0.302881		2.44624e-125
-0.956208	-0.259629		2.44624e-125
-0.977381	-0.278676		1.24854e-125
-0.977381	-0.278676		2.53232e-125
-0.977381	-0.278676		2.53232e-125
-0.955891	-0.283841		2.53232e-125
-0.955891	-0.283841		1.6441e-125
-0.96428	-0.2643		1.6441e-125
-0.988962	-0.258023		2.15683e-125
-0.988962	-0.258023		2.11924e-125
-0.988962	-0.258023		2.11924e-125
-0.988962	-0.258023		2.11924e-125
-0.988962	-0.258023		2.11924e-125
-0.996846	-0.255828		2.11924e-125
-1.00277	-0.22973		1.38089e-125
-1.00277	-0.22973		1.41644e-125
-1.00277	-0.22973		1.41644e-125
-0.988422	-0.165455		1.41644e-125
-0.988422	-0.165455		2.80632e-125
-0.988422	-0.165455		2.80632e-125
-0.988422	-0.165455		2.80632e-125
-0.988422	-0.165455		2.80632e-125
-0.988422	-0.165455		2.80632e-125
-0.988422	-0.165455		2.80632e-125
-0.983709	-0.0954553		2.80632e-125
-0.983709	-0.0954553		5.98135e-126
-1.0013	-0.0306786		5.98135e-126
-1.0013	-0.0306786		7.5313e-126
-1.0013	-0.0306786		7.5313e-126
-1.0013	-0.0306786		7.5313e-126
-1.0013	-0.0306786		7.5313e-126
-1.0013	-0.0306786		7.5313e-126
-1.07678	-0.0453818		7.5313e-126
-1.06834	-0.0407016		1.24573e-127
-1.05806	-0.0863759		6.95332e-127
-1.0056	-0.135137		7.97666e-127
-1.0056	-0.135137		3.23117e-125
-1.02211	-0.103641		3.23117e-125
-1.02211	-0.103641		2.46753e-125
-1.02211	-0.103641		2.46753e-125
-1.02211	-0.103641		2.46753e-125
-1.03729	0.000743053		2.46753e-125
-1.03729	0.000743053		2.64174e-125
-1.03729	0.000743053		2.64174e-125
-1.03729	0.000743053		2.64174e-125
-1.04029	-0.0130058		2.64174e-125
-1.04029	-0.0130058		2.31755e-125
-1.04029	-0.0130058		2.31755e-125
-1.04029	-0.0130058		2.31755e-125
-1.04215	-0.0142682		2.31755e-125
-1.04215	-0.0142682		2.11899e-125
-1.04215	-0.0142682		2.11899e-125
-1.04215	-0.0142682		2.11899e-125
-1.04215	-0.0142682		2.11899e-125
-1.04215	-0.0142682		2.11899e-125
-1.04215	-0.0142682		2.11899e-125
-1.04215	-0.0142682		2.11899e-125
-1.03132	-0.0170767		2.11899e-125
-1.03651	-0.0800919		2.82768e-125
-1.03651	-0.0800919		1.33688e-125
-1.03651	-0.0800919		1.33688e-125
-1.0075	-0.0205465		1.33688e-125
-1.01174	0.0551271		1.08917e-125
-1.01174	0.0551271		1.63478e-126
-1.00677	0.000163893		1.63478e-126
-1.04396	-0.000992044		5.80014e-126
-1.04396	-0.000992044		2.15572e-125
-1.05651	0.0873196		2.15572e-125
-1.05651	0.0873196		1.89716e-125
-1.05651	0.0873196		1.89716e-125
-1.06687	0.0788156		1.89716e-125
-1.06687	0.0788156		1.2328e-125
-1.06687	0.0788156		1.2328e-125
-1.06687	0.0788156		1.2328e-125
-1.06687	0.0788156		1.2328e-125
-1.06687	0.0788156		1.2328e-125
-1.06687	0.0788156		1.2328e-125
-1.02928	0.0618223		1.2328e-125
-1.02928	0.0618223		1.04539e-125
-1.04651	-0.0305743		1.04539e-125
-1.04651	-0.0305743		1.32506e-125
-1.04651	-0.0305743		1.32506e-125
-1.04651	-0.0305743		1.32506e-125
-1.04651	-0.0305743		1.32506e-125
-1.04651	-0.0305743		1.32506e-125
-1.04651	-0.0305743		1.32506e-125
-1.02786	0.0141851		1.32506e-125
-1.04867	0.0882229		2.20288e-125
-1.04867	0.0882229		1.82412e-125
-1.04867	0.0882229		1.82412e-125
-1.04867	0.0882229		1.82412e-125
-1.04867	0.0882229		1.82412e-125
-1.04867	0.0882229		1.82412e-125
-1.04867	0.0882229		1.82412e-125
-1.04867	0.0882229		1.82412e-125
-1.06131	0.082401		1.82412e-125
-1.06131	0.082401		1.67709e-125
-1.06131	0.082401		1.67709e-125
-1.06131	0.082401		1.67709e-125
-1.06131	0.082401		1.67709e-125
-1.06131	0.082401		1.67709e-125
-1.06131	0.082401		1.67709e-125
-1.02317	0.0833011		1.67709e-125
-1.06147	0.159678		2.86864e-126
-1.06147	0.159678		1.05764e-125
-1.07212	0.183297		1.05764e-125
-1.07212	0.183297		1.03371e-125
-1.07212	0.183297		1.03371e-125
-1.07212	0.183297		1.03371e-125
-1.07995	0.238701		1.03371e-125
-1.07995	0.238701		5.5574e-126
-1.07995	0.238701		5.5574e-126
-1.07995	0.238701		5.5574e-126
-1.11692	0.233965		5.5574e-126
-1.11692	0.233965		1.16362e-126
-1.11692	0.233965		1.16362e-126
-1.11761	0.225258		1.16362e-126
-1.11761	0.225258		8.81965e-127
-1.11761	0.225258		8.81965e-127
-1.09589	0.246384		8.81965e-127
-1.09589	0.246384		6.0376e-126
-1.08199	0.111418		6.0376e-126
-1.08199	0.111418		5.68531e-126
-1.07612	0.0749806		5.68531e-126
-1.0891	0.140057		5.37202e-126
-1.0512	0.0591334		4.56443e-126
-1.0512	0.0591334		2.12346e-125
-1.0512	0.0591334		2.12346e-125
-1.06097	0.0779481		2.12346e-125
-1.06097	0.0779481		1.66715e-125
-1.06097	0.0779481		1.66715e-125
-1.06097	0.0779481		1.66715e-125
-1.06097	0.0779481		1.66715e-125
-1.06097	0.0779481		1.66715e-125
-1.0776	0.130237		1.66715e-125
-1.0776	0.130237		1.00077e-125
-1.0776	0.130237		1.00077e-125
-1.06462	0.115523		1.00077e-125
-1.06462	0.115523		1.59371e-125
-1.06236	0.0395646		1.59371e-125
-1.06236	0.0395646		1.06253e-125
-1.04618	-0.0368858		1.06253e-125
-1.04618	-0.0368858		1.232e-125
-1.04618	-0.0368858		1.232e-125
-1.04849	0.0893353		1.232e-125
-1.04849	0.0893353		1.7957e-125
-1.04849	0.0893353		1.7957e-125
-1.04849	0.0893353		1.7957e-125
-1.04849	0.0893353		1.7957e-125
-1.05148	0.0463171		1.7957e-125
-1.03381	0.0312965		2.07202e-125
-1.03381	0.0312965		2.22635e-125
-1.03381	0.0312965		2.22635e-125
-1.02905	0.010801		2.22635e-125
-1.02905	0.010801		2.37974e-125
-1.02905	0.010801		2.37974e-125
-1.02905	0.010801		2.37974e-125
-1.02905	0.010801		2.37974e-125
-1.02905	0.010801		2.37974e-125
-1.02905	0.010801		2.37974e-125
-1.02905	0.010801		2.37974e-125
-1.0326	-0.0420455		2.37974e-125
-1.0326	-0.0420455		2.58525e-125
-1.0326	-0.0420455		2.58525e-125
-1.03522	0.00915926		2.58525e-125
-1.03522	0.00915926		2.639e-125
-1.03522	0.00915926		2.639e-125
-1.03522	0.00915926		2.639e-125
-1.03522	0.00915926		2.639e-125
-1.03522	0.00915926		2.639e-125
-1.03522	0.00915926		2.639e-125
-1.03522	0.00915926		2.639e-125
-1.03522	0.00915926		2.639e-125
-1.03522	0.00915926		2.639e-125
-0.992747	-0.0571442		2.639e-125
-0.992747	-0.0571442		5.9506e-126
-0.992747	-0.0571442		5.9506e-126
-0.99511	-0.0200952		5.9506e-126
-0.99511	-0.0200952		2.42449e-126
-0.999589	-0.00151917		2.42449e-126
-1.05072	-0.00919928		2.36651e-126
-1.03914	-0.0623334		1.31346e-125
-1.03914	-0.0623334		1.44378e-125
-0.991537	-0.0738113		1.44378e-125
-0.991537	-0.0738113		8.18207e-126
-0.991537	-0.0738113		8.18207e-126
-0.991537	-0.0738113		8.18207e-126
-0.991537	-0.0738113		8.18207e-126
-1.00331	-0.0777981		8.18207e-126
-1.00331	-0.0777981		2.26952e-125
-1.00331	-0.0777981		2.26952e-125
-1.03684	-0.102562		2.26952e-125
-1.04452	-0.0450129		8.48217e-126
-1.04452	-0.0450129		1.23749e-125
-1.04452	-0.0450129		1.23749e-125
-1.04452	-0.0450129		1.23749e-125
-1.04452	-0.0450129		1.23749e-125
-1.00245	-0.103805		1.23749e-125
-1.00245	-0.103805		2.85464e-125
-1.00245	-0.103805		2.85464e-125
-1.05232	-0.074405		2.85464e-125
-1.05232	-0.074405		2.73482e-126
-1.04219	-0.0186637		2.73482e-126
-1.05839	0.0474909		2.03696e-125
-1.05839	0.0474909		1.53297e-125
-1.05839	0.0474909		1.53297e-125
-1.05839	0.0474909		1.53297e-125
-1.05839	0.0474909		1.53297e-125
-1.05839	0.0474909		1.53297e-125
-1.05839	0.0474909		1.53297e-125
-1.04207	0.0185302		1.53297e-125
-1.04207	0.0185302		2.47063e-125
-1.04207	0.0185302		2.47063e-125
-1.04207	0.0185302		2.47063e-125
-1.02767	-0.0304398		2.47063e-125
-1.01944	-0.0150098		2.92658e-125
-1.02751	-0.0804991		2.22552e-125
-1.02751	-0.0804991		2.38414e-125
-1.02751	-0.0804991		2.38414e-125
-1.05342	-0.0338062		2.38414e-125
-1.01566	-0.0944468		6.56993e-126
-1.01566	-0.0944468		3.14824e-125
-1.01566	-0.0944468		3.14824e-125
-1.01566	-0.0944468		3.14824e-125
-1.01566	-0.0944468		3.14824e-125
-1.01566	-0.0944468		3.14824e-125
-1.01853	-0.0821121		3.14824e-125
-1.01853	-0.0821121		3.10796e-125
-1.01853	-0.0821121		3.10796e-125
-1.01853	-0.0821121		3.10796e-125
-1.01853	-0.0821121		3.10796e-125
-1.01853	-0.0821121		3.10796e-125
-1.01853	-0.0821121		3.10796e-125
-1.01853	-0.0821121		3.10796e-125
-0.999702	-0.0854503		3.10796e-125
-0.999702	-0.0854503		2.05238e-125
-0.999702	-0.0854503		2.05238e-125
-1.0002	-0.077037		2.05238e-125
-1.0002	-0.077037		1.85885e-125
-1.00457	-0.105785		1.85885e-125
-1.00457	-0.105785		3.05961e-125
-0.997795	-0.152384		3.05961e-125
-0.992082	-0.199116		3.23291e-125
-0.992082	-0.199116		3.07806e-125
-0.992082	-0.199116		3.07806e-125
-0.992082	-0.199116		3.07806e-125
-0.97561	-0.181645		3.07806e-125
-1.01063	-0.139805		1.71222e-125
-1.01063	-0.139805		2.85883e-125
-1.01063	-0.139805		2.85883e-125
-1.01063	-0.139805		2.85883e-125
-1.01063	-0.139805		2.85883e-125
-1.01063	-0.139805		2.85883e-125
-1.01063	-0.139805		2.85883e-125
-1.02818	-0.163978		2.85883e-125
-1.02818	-0.163978		5.18893e-126
-1.0028	-0.175096		5.18893e-126
-1.0028	-0.175096		2.82594e-125
-1.0028	-0.175096		2.82594e-125
-0.961867	-0.236762		2.82594e-125
-0.961867	-0.236762		1.38886e-125
-0.961867	-0.236762		1.38886e-125
-0.961867	-0.236762		1.38886e-125
-0.961867	-0.236762		1.38886e-125
-1.01199	-0.176618		1.38886e-125
-1.01199	-0.176618		1.76441e-125
-1.01199	-0.176618		1.76441e-125
-1.01199	-0.176618		1.76441e-125
-1.01199	-0.176618		1.76441e-125
-1.01199	-0.176618		1.76441e-125
-1.01199	-0.176618		1.76441e-125
-1.01199	-0.176618		1.76441e-125
-1.01199	-0.176618		1.76441e-125
-1.01199	-0.176618		1.76441e-125
-1.01199	-0.176618		1.76441e-125
-0.956937	-0.255856		1.76441e-125
-0.972066	-0.23623		1.25122e-125
-0.979161	-0.200554		2.46759e-125
-0.980212	-0.140938		2.55496e-125
-0.990557	-0.0871132		1.2269e-125
-1.02974	-0.134207		1.02461e-125
-1.01182	-0.0726042		8.78783e-126
-1.0306	-0.0238798		2.96208e-125
-1.04041	-0.0286897		2.85552e-125
-1.04041	-0.0286897		2.03702e-125
-1.04041	-0.0286897		2.03702e-125
-1.04041	-0.0286897		2.03702e-125
-1.03675	0.000860831		2.03702e-125
-1.03675	0.000860831		2.66095e-125
-1.03675	0.000860831		2.66095e-125
-1.03675	0.000860831		2.66095e-125
-1.03675	0.000860831		2.66095e-125
-1.03675	0.000860831		2.66095e-125
-1.03675	0.000860831		2.66095e-125
-1.03675	0.000860831		2.66095e-125
-1.03675	0.000860831		2.66095e-125
-1.03675	0.000860831		2.66095e-125
-1.03675	0.000860831		2.66095e-125
-1.03675	0.000860831		2.66095e-125
-1.03675	0.000860831		2.66095e-125
-1.03791	0.0153041		2.66095e-125
-1.06034	0.0417872		2.58609e-125
-1.06034	0.0417872		1.27534e-125
-1.06034	0.0417872		1.27534e-125
-1.06034	0.0417872		1.27534e-125
-1.06034	0.0417872		1.27534e-125
-1.06034	0.0417872		1.27534e-125
-1.06034	0.0417872		1.27534e-125
-1.03382	-0.00641286		1.27534e-125
-1.03382	-0.00641286		2.74835e-125
-1.03382	-0.00641286		2.74835e-125
-1.03382	-0.00641286		2.74835e-125
-1.03382	-0.00641286		2.74835e-125
-1.0255	0.000198238		2.74835e-125
-1.01847	-0.0132439		2.36947e-125
-1.01847	-0.0132439		2.07107e-125
-1.03143	-0.0210393		2.07107e-125
-1.03143	-0.0210393		2.83113e-125
-1.03143	-0.0210393		2.83113e-125
-1.02661	-0.0435897		2.83113e-125
-0.980894	-0.148313		2.96157e-125
-0.980894	-0.148313		1.49248e-125
-1.01682	-0.0571932		1.49248e-125
-1.01682	-0.0571932		2.98497e-125
-1.01682	-0.0571932		2.98497e-125
-1.03582	-0.0440089		2.98497e-125
-1.03582	-0.0440089		2.23229e-125
-1.03582	-0.0440089		2.23229e-125
-1.03589	-0.11722		2.23229e-125
-1.03589	-0.11722		6.76377e-126
-1.03589	-0.11722		6.76377e-126
-1.03589	-0.11722		6.76377e-126
-1.03589	-0.11722		6.76377e-126
-1.03589	-0.11722		6.76377e-126
-1.00024	-0.0921388		6.76377e-126
-1.00024	-0.0921388		2.31878e-125
-1.00027	-0.0994374		2.31878e-125
-1.00027	-0.0994374		2.52638e-125
-1.00027	-0.0994374		2.52638e-125
-1.01742	-0.0814686		2.52638e-125
-1.01742	-0.0814686		3.15269e-125
-1.01742	-0.0814686		3.15269e-125
-1.01742	-0.0814686		3.15269e-125
-1.01742	-0.0814686		3.15269e-125
-1.01742	-0.0814686		3.15269e-125
-1.01742	-0.0814686		3.15269e-125
-1.01742	-0.0814686		3.15269e-125
-1.017	-0.046323		3.15269e-125
-1.017	-0.046323		2.79947e-125
-1.017	-0.046323		2.79947e-125
-0.987821	-0.148643		2.79947e-125
-1.01697	-0.181979		2.3652e-125
-0.971693	-0.164249		1.08838e-125
-0.975832	-0.170731		8.80335e-126
-0.975832	-0.170731		1.4628e-125
-0.975832	-0.170731		1.4628e-125
-0.975832	-0.170731		1.4628e-125
-0.96084	-0.203785		1.4628e-125
-0.990653	-0.266936		6.72782e-126
-0.975367	-0.218962		1.7273e-125
-0.968508	-0.210983		2.5049e-125
-0.959814	-0.282632		1.57156e-125
-0.963753	-0.247609		2.00433e-125
-0.963753	-0.247609		1.81102e-125
-0.956947	-0.305719		1.81102e-125
-0.956947	-0.305719		2.03514e-125
-0.956947	-0.305719		2.03514e-125
-0.956947	-0.305719		2.03514e-125
-0.956947	-0.305719		2.03514e-125
-0.992969	-0.252357		2.03514e-125
-0.992969	-0.252357		1.86701e-125
-0.992969	-0.252357		1.86701e-125
-0.992969	-0.252357		1.86701e-125
-0.992969	-0.252357		1.86701e-125
-0.992969	-0.252357		1.86701e-125
-0.992969	-0.252357		1.86701e-125
-0.992969	-0.252357		1.86701e-125
-0.992969	-0.252357		1.86701e-125
-0.992969	-0.252357		1.86701e-125
-0.992969	-0.252357		1.86701e-125
-0.992969	-0.252357		1.86701e-125
-0.960296	-0.304492		1.86701e-125
-0.960296	-0.304492		2.24767e-125
-0.960296	-0.304492		2.24767e-125
-0.997626	-0.239823		2.24767e-125
-0.997626	-0.239823		1.70567e-125
-0.997626	-0.239823		1.70567e-125
-0.96666	-0.168752		1.70567e-125
-0.96666	-0.168752		5.57201e-126
-0.947565	-0.250199		5.57201e-126
-0.947565	-0.250199		4.28347e-126
-0.947565	-0.250199		4.28347e-126
-0.947565	-0.250199		4.28347e-126
-0.952099	-0.252644		4.28347e-126
-0.955006	-0.283028		7.56635e-126
-0.955006	-0.283028		1.54308e-125
-0.955006	-0.283028		1.54308e-125
-0.984884	-0.348267		1.54308e-125
-0.910386	-0.380981		5.59132e-126
-0.995117	-0.427827		7.70185e-127
-0.995117	-0.427827		1.01636e-127
-0.996917	-0.362853		1.01636e-127
-0.994627	-0.409202		8.56144e-127
